Quiz_round,2,RESULT:,-,allCorrect
num_trial,optionsPresented_time,outcome,loss_amount,running_total,anchor_stim,blue_aversive,blue_side,amount_orange,amount_blue,chosen_side,chosen_color,response_time,trial_repeat_count
1,249748.00000000003,0,0,5000,blue,true,left,23,10,right,orange,1843,0
2,254103,0,0,5000,blue,true,right,45,97,left,orange,622,0
3,257237.00000000003,0,0,5000,blue,true,right,54,62,left,orange,484,0
4,260231,1,99,4901,blue,false,left,99,16,right,orange,631,0
5,263376.00000000006,0,0,4901,blue,true,left,72,40,right,orange,635,0
6,266524,0,0,4901,blue,true,right,98,88,left,orange,563,0
7,269597,0,0,4901,blue,true,right,6,54,left,orange,927,0
8,273036,0,0,4901,blue,true,right,64,55,left,orange,926,0
9,276473,1,96,4805,blue,false,left,96,45,right,orange,729,0
10,279716,0,0,4805,blue,true,left,28,19,right,orange,568,0
11,282795,0,0,4805,blue,true,right,95,26,left,orange,533,0
12,285840.00000000006,0,0,4805,blue,true,right,90,29,left,orange,432,0
13,288783,0,0,4805,blue,true,right,20,53,left,orange,865,0
14,292160,0,0,4805,blue,true,right,74,56,left,orange,464,0
15,295134,0,0,4805,blue,true,right,18,42,left,orange,1082,0
16,298727.00000000006,0,0,4805,blue,true,left,11,91,right,orange,1310,0
17,302549,1,32,4773,blue,false,left,32,31,right,orange,1038,0
18,306103,1,65,4708,blue,true,left,36,65,left,blue,2780,0
19,311397,1,40,4668,blue,false,right,40,30,left,orange,782,0
20,314693,1,26,4642,blue,true,left,29,26,left,blue,466,0
21,317670,1,32,4610,blue,false,right,32,36,left,orange,812,0
22,320996,1,81,4529,blue,true,right,72,81,right,blue,910,0
23,324419,0,0,4529,blue,false,left,95,54,left,blue,539,0
24,327469,0,0,4529,blue,false,right,40,59,right,blue,444,0
25,330424.00000000006,0,0,4529,blue,false,right,29,24,right,blue,572,0
26,333509,0,0,4529,blue,false,right,60,51,right,blue,720,0
27,336742,0,0,4529,blue,false,left,83,65,left,blue,760,0
28,340012,1,98,4431,blue,true,right,78,98,right,blue,459,0
29,342987,0,0,4431,blue,false,right,56,51,right,blue,561,0
30,346059,0,0,4431,blue,false,right,5,20,right,blue,443,0
31,349012,0,0,4431,blue,false,left,67,2,left,blue,961,0
32,352484,0,0,4431,blue,false,left,85,84,left,blue,1349,0
33,356343,0,0,4431,blue,true,right,7,49,left,orange,783,0
34,359636,0,0,4431,blue,false,left,37,47,left,blue,1077,0
35,363223,1,27,4404,blue,false,right,27,91,left,orange,957,0
36,366697,0,0,4404,blue,false,right,44,42,right,blue,947,0
37,370156,1,55,4349,blue,true,left,31,55,left,blue,745,0
38,373415,1,97,4252,blue,false,left,97,70,right,orange,994,0
39,376922,1,14,4238,blue,false,left,14,9,right,orange,572,0
40,380007,1,51,4187,blue,true,left,23,51,left,blue,350,0
41,382871,1,79,4108,blue,true,right,89,79,right,blue,441,0
42,385826,1,86,4022,blue,true,right,83,86,right,blue,447,0
43,388788,1,62,3960,blue,true,left,40,62,left,blue,482,0
44,391784,0,0,3960,blue,true,left,36,23,right,orange,421,0
45,394715.00000000006,0,0,3960,blue,true,left,65,61,right,orange,523,0
46,397748,0,0,3960,blue,true,left,74,67,right,orange,380,0
47,400638.00000000006,0,0,3960,blue,true,left,73,41,right,orange,435,0
48,407586,1,96,3864,blue,false,right,96,54,left,orange,887,0
49,410986,0,0,3864,blue,true,left,86,88,right,orange,397,0
50,413894,0,0,3864,blue,true,right,43,66,left,orange,464,0
51,416869,0,0,3864,blue,true,left,72,79,right,orange,433,0
52,419811.00000000006,1,71,3793,blue,false,right,71,13,left,orange,454,0
53,422777,0,0,3793,blue,true,left,78,53,right,orange,453,0
54,425742,1,90,3703,blue,true,right,57,90,right,blue,849,0
55,429105,1,3,3700,blue,false,left,3,12,right,orange,812,0
56,432430,1,64,3636,blue,true,right,2,64,right,blue,559,0
57,435502,1,9,3627,blue,true,left,99,9,left,blue,600,0
58,438615,0,0,3627,blue,true,right,21,42,left,orange,620,0
59,441747,0,0,3627,blue,true,left,83,72,right,orange,379,0
60,444635,0,0,3627,blue,true,right,37,11,left,orange,453,0
61,447598,1,67,3560,blue,false,right,67,81,left,orange,753,0
62,450864.00000000006,0,0,3560,blue,true,left,12,14,right,orange,382,0
63,453757,1,78,3482,blue,false,left,78,90,right,orange,481,0
64,456750,1,46,3436,blue,false,left,46,53,right,orange,639,0
65,459902,0,0,3436,blue,false,left,30,42,left,blue,413,0
66,462826,0,0,3436,blue,false,left,36,65,left,blue,426,0
67,465764,1,49,3387,blue,false,right,49,49,left,orange,598,0
68,468875,1,44,3343,blue,false,left,44,10,right,orange,618,0
69,472005,0,0,3343,blue,false,left,70,64,left,blue,439,0
70,474956,1,68,3275,blue,false,right,68,95,left,orange,562,0
71,478031,0,0,3275,blue,false,right,38,46,right,blue,424,0
72,480966,0,0,3275,blue,false,right,18,24,right,blue,1014,0
73,484493,0,0,3275,blue,false,left,82,78,left,blue,979,0
74,487981,0,0,3275,blue,false,right,59,54,right,blue,810,0
75,491302,0,0,3275,blue,false,left,36,33,left,blue,563,0
76,494375,1,56,3219,blue,true,left,49,56,left,blue,410,0
77,497297,0,0,3219,blue,false,right,26,83,right,blue,630,0
78,500438,0,0,3219,blue,false,right,38,81,right,blue,439,0
79,503389,0,0,3219,blue,false,right,12,3,right,blue,545,0
80,506445,0,0,3219,blue,false,right,62,38,right,blue,603,0
81,509558,0,0,3219,blue,false,left,43,50,left,blue,499,0
82,512568.99999999994,0,0,3219,blue,false,right,50,47,right,blue,394,0
83,515474.00000000006,1,35,3184,blue,true,right,41,35,right,blue,398,0
84,518385,0,0,3184,blue,false,left,9,62,left,blue,437,0
85,521332,0,0,3184,blue,false,right,60,58,right,blue,398,0
86,524241,0,0,3184,blue,false,right,88,31,right,blue,367,0
87,527119,0,0,3184,blue,false,left,56,44,left,blue,442,0
88,530072,1,15,3169,blue,true,right,31,15,right,blue,341,0
89,532926,0,0,3169,blue,false,right,90,31,right,blue,529,0
90,535965,0,0,3169,blue,false,left,80,76,left,blue,421,0
91,538896,0,0,3169,blue,false,left,78,4,left,blue,393,0
92,541798,0,0,3169,blue,false,left,60,28,left,blue,398,0
93,544706,1,99,3070,blue,true,right,56,99,right,blue,594,0
94,551819,0,0,3070,blue,false,left,31,45,left,blue,1470,0
95,555800.0000000001,0,0,3070,blue,false,right,55,16,right,blue,400,0
96,558712,1,89,2981,blue,true,right,12,89,right,blue,412,0
97,561636,0,0,2981,blue,false,right,49,4,right,blue,480,0
98,564628,0,0,2981,blue,false,right,69,12,right,blue,419,0
99,567558,1,26,2955,blue,true,right,49,26,right,blue,430,0
100,570501,0,0,2955,blue,false,right,75,76,right,blue,463,0
101,573475,0,0,2955,blue,false,right,22,90,right,blue,383,0
102,576368,1,23,2932,blue,true,left,26,23,left,blue,711,0
103,579593,0,0,2932,blue,false,right,11,68,right,blue,370,0
104,582474,1,82,2850,blue,true,right,71,82,right,blue,373,0
105,585360,1,86,2764,blue,false,left,86,95,right,orange,934,0
106,588807,0,0,2764,blue,false,left,79,88,left,blue,515,0
107,591832,0,0,2764,blue,false,left,75,40,left,blue,384,0
108,594728.0000000001,0,0,2764,blue,false,left,11,94,left,blue,590,0
109,597828,1,44,2720,blue,true,left,53,44,left,blue,752,0
110,601093,0,0,2720,blue,false,left,85,17,left,blue,403,0
111,604008,1,32,2688,blue,true,right,85,32,right,blue,527,0
112,607048,0,0,2688,blue,false,left,38,68,left,blue,482,0
113,610040,0,0,2688,blue,false,right,28,93,right,blue,621,0
114,613173,0,0,2688,blue,false,left,13,95,left,blue,441,0
115,616124,0,0,2688,blue,false,left,69,60,left,blue,453,0
116,619089,1,95,2593,blue,true,left,56,95,left,blue,385,0
117,621987,0,0,2593,blue,false,right,2,41,right,blue,545,0
118,625044,0,0,2593,blue,false,left,42,5,left,blue,991,0
119,628545,1,44,2549,blue,false,right,44,30,left,orange,678,0
120,631736,0,0,2549,blue,false,left,79,4,left,blue,469,0
121,634715,0,0,2549,blue,false,left,83,87,left,blue,607,0
122,637833,0,0,2549,blue,false,left,59,44,left,blue,664,0
123,641007.0000000001,1,10,2539,blue,true,left,15,10,left,blue,458,0
124,643978.0000000001,0,0,2539,blue,false,right,60,15,right,blue,1050,0
125,647538,0,0,2539,blue,false,right,73,25,right,blue,947,0
126,650998,0,0,2539,blue,false,left,43,23,left,blue,569,0
127,654078,0,0,2539,blue,false,right,22,87,right,blue,803,0
128,657393,1,77,2462,blue,true,left,27,77,left,blue,466,0
129,660372,0,0,2462,blue,false,right,99,35,right,blue,361,0
130,663244,1,39,2423,blue,true,right,49,39,right,blue,513,0
131,666269,0,0,2423,blue,false,left,83,60,left,blue,854,0
132,669634,1,54,2369,blue,true,right,61,54,right,blue,464,0
133,672612,0,0,2369,blue,false,right,82,34,right,blue,490,0
134,675612,0,0,2369,blue,false,right,96,86,right,blue,620,0
135,678744,0,0,2369,blue,false,left,65,27,left,blue,449,0
136,681704.0000000001,0,0,2369,blue,false,right,63,93,right,blue,386,0
137,684602,0,0,2369,blue,false,left,65,40,left,blue,429,0
138,687540,0,0,2369,blue,false,left,7,69,left,blue,348,0
139,690399,1,28,2341,blue,true,left,94,28,left,blue,464,0
140,693374,0,0,2341,blue,false,right,90,4,right,blue,498,0
