Quiz_round,2,RESULT:,-,allCorrect
num_trial,optionsPresented_time,outcome,loss_amount,running_total,anchor_stim,blue_aversive,blue_side,amount_orange,amount_blue,chosen_side,chosen_color,response_time,trial_repeat_count
1,499275.64500000153,1,37,4963,blue,true,left,44,37,left,blue,2749,0
2,504540.41499999585,1,12,4951,blue,true,right,66,12,right,blue,3788,0
3,510845.2350000007,0,0,4951,blue,true,left,98,9,right,orange,1539,0
4,514904.02000000176,1,20,4931,blue,false,left,20,91,right,orange,806,0
5,518233.4799999953,0,0,4931,blue,true,left,28,8,right,orange,463,0
6,521216.7300000001,0,0,4931,blue,true,left,30,33,right,orange,638,0
7,524379.5600000012,0,0,4931,blue,true,left,27,24,right,orange,613,0
8,527508.9600000065,1,58,4873,blue,false,left,58,43,right,orange,730,0
9,530764.2849999975,0,0,4873,blue,true,left,72,47,right,orange,616,0
10,533893.7949999963,1,44,4829,blue,false,right,44,44,left,orange,923,0
11,537345.4999999958,1,26,4803,blue,true,right,69,26,right,blue,1580,0
12,541444.3500000052,0,0,4803,blue,true,right,6,41,left,orange,2516,0
13,546478.0150000006,0,0,4803,blue,true,left,88,34,right,orange,847,0
14,549844.0300000075,1,73,4730,blue,false,right,73,18,left,orange,617,0
15,552990.7749999984,0,0,4730,blue,true,right,60,25,left,orange,2573,0
16,558080.0000000017,1,6,4724,blue,true,left,68,6,left,blue,1823,0
17,562424.159999995,1,48,4676,blue,false,left,48,39,right,orange,3080,0
18,568030.1699999982,0,0,4676,blue,true,left,35,76,right,orange,1408,0
19,571968.8150000002,0,0,4676,blue,true,left,23,85,right,orange,549,0
20,575044.5349999936,0,0,4676,blue,true,left,54,22,right,orange,450,0
21,578014.8400000035,1,66,4610,blue,false,right,66,58,left,orange,1231,0
22,581776.8450000003,1,41,4569,blue,true,left,98,41,left,blue,1600,0
23,585909.1599999956,0,0,4569,blue,true,right,58,80,left,orange,1098,0
24,589518.075,0,0,4569,blue,true,left,32,85,right,orange,1138,0
25,593180.0599999988,0,0,4569,blue,false,left,83,15,left,blue,2170,0
26,597868.0100000056,0,0,4569,blue,true,left,18,16,right,orange,788,0
27,601177.0700000052,0,0,4569,blue,true,left,56,99,right,orange,1179,0
28,604875.2999999997,0,0,4569,blue,true,left,23,75,right,orange,797,0
29,608195.9150000039,1,18,4551,blue,true,left,68,18,left,blue,3699,0
30,614421.1300000024,1,16,4535,blue,true,left,30,16,left,blue,1921,0
31,618864.7749999946,1,37,4498,blue,true,right,86,37,right,blue,1094,0
32,622479.0349999967,0,0,4498,blue,true,right,47,44,left,orange,560,0
33,625558.5100000026,0,0,4498,blue,true,right,3,91,left,orange,1213,0
34,629282.3700000008,1,60,4438,blue,false,right,60,14,left,orange,1486,0
35,633293.1349999999,0,0,4438,blue,true,right,54,84,left,orange,1200,0
36,637011.0399999976,0,0,4438,blue,true,right,34,23,left,orange,468,0
37,640007.2300000029,0,0,4438,blue,true,left,96,28,right,orange,1413,0
38,643935.9799999947,1,83,4355,blue,false,right,83,94,left,orange,511,0
39,646969.1949999979,0,0,4355,blue,true,right,63,86,left,orange,519,0
40,650005.290000001,0,0,4355,blue,true,left,99,53,right,orange,1178,0
41,653693.3649999992,0,0,4355,blue,true,right,29,91,left,orange,565,0
42,656779.9599999998,0,0,4355,blue,true,right,88,64,left,orange,980,0
43,660281.9100000052,0,0,4355,blue,true,left,84,70,right,orange,578,0
44,663372.3449999961,1,61,4294,blue,false,left,61,88,right,orange,678,0
45,666576.264999996,0,0,4294,blue,true,left,61,43,right,orange,485,0
46,669579.1599999939,0,0,4294,blue,true,right,87,54,left,orange,519,0
47,672618.6750000052,1,5,4289,blue,false,left,5,90,right,orange,610,0
48,679754.5200000022,0,0,4289,blue,true,right,71,44,left,orange,1275,0
49,683547.0300000015,0,0,4289,blue,true,right,42,52,left,orange,576,0
50,686643.9149999933,0,0,4289,blue,true,right,39,93,left,orange,467,0
51,689631.7649999983,0,0,4289,blue,true,left,39,24,right,orange,621,0
52,692765.425000005,1,20,4269,blue,false,right,20,10,left,orange,475,0
53,695759.109999999,1,85,4184,blue,false,right,85,43,left,orange,657,0
54,698944.4950000034,0,0,4184,blue,false,right,77,7,right,blue,446,0
55,701907.9800000036,0,0,4184,blue,true,left,95,90,right,orange,1148,0
56,705570.7799999946,1,7,4177,blue,true,left,56,7,left,blue,1092,0
57,709183.8600000046,0,0,4177,blue,true,left,50,69,right,orange,1733,0
58,713434.2500000057,0,0,4177,blue,true,left,4,83,right,orange,663,0
59,716616.1100000027,0,0,4177,blue,false,left,40,8,left,blue,1791,0
60,720924.8700000026,0,0,4177,blue,true,right,47,86,left,orange,1597,0
61,725048.8849999965,0,0,4177,blue,true,right,15,49,left,orange,2012,0
62,729579.6350000019,0,0,4177,blue,true,left,17,39,right,orange,830,0
63,732940.0049999967,1,76,4101,blue,false,left,76,97,right,orange,1106,0
64,736585.1399999956,1,14,4087,blue,true,right,73,14,right,blue,2516,0
65,741622.4150000053,1,29,4058,blue,true,left,67,29,left,blue,953,0
66,745104.6650000062,1,39,4019,blue,true,left,48,39,left,blue,1253,0
67,748874.4200000074,0,0,4019,blue,true,left,30,99,right,orange,776,0
68,752173.139999999,1,13,4006,blue,false,right,13,20,left,orange,2434,0
69,757134.155000007,1,59,3947,blue,true,right,66,59,right,blue,971,0
70,760628.2000000065,0,0,3947,blue,true,left,20,60,right,orange,1378,0
71,764521.2750000064,0,0,3947,blue,true,right,41,25,left,orange,406,0
72,767445.510000005,1,76,3871,blue,false,left,76,70,right,orange,481,0
73,770456.4700000046,0,0,3871,blue,false,left,73,18,left,blue,2556,0
74,775533.9200000017,1,41,3830,blue,false,left,41,80,right,orange,1184,0
75,779239.7550000023,0,0,3830,blue,true,left,25,76,right,orange,709,0
76,782459.5300000074,1,34,3796,blue,false,right,34,52,left,orange,621,0
77,785596.2850000069,0,0,3796,blue,false,right,30,60,right,blue,716,0
78,788827.065000005,0,0,3796,blue,false,left,91,36,left,blue,539,0
79,791882.8000000067,0,0,3796,blue,false,left,70,59,left,blue,539,0
80,794945.3349999967,1,47,3749,blue,true,right,64,47,right,blue,493,0
81,797965.7650000008,1,28,3721,blue,false,left,28,44,right,orange,874,0
82,801355.3850000026,0,0,3721,blue,false,right,2,80,right,blue,580,0
83,804455.0449999952,0,0,3721,blue,false,left,20,39,left,blue,601,0
84,807575.6850000034,0,0,3721,blue,false,right,32,61,right,blue,605,0
85,810698.0100000073,0,0,3721,blue,false,right,90,61,right,blue,1253,0
86,814475.4649999959,1,70,3651,blue,true,right,62,70,right,blue,565,0
87,817555.1850000047,0,0,3651,blue,false,left,17,33,left,blue,1964,0
88,822031.6599999933,0,0,3651,blue,false,right,74,17,right,blue,567,0
89,825114.0250000026,1,2,3649,blue,false,right,2,85,left,orange,2797,0
90,830433.4550000058,0,0,3649,blue,false,left,39,76,left,blue,2078,0
91,835024.5949999953,0,0,3649,blue,false,right,70,20,right,blue,1021,0
92,838565.180000005,1,69,3580,blue,true,left,24,69,left,blue,2127,0
93,843214.4300000073,1,52,3528,blue,true,right,59,52,right,blue,2126,0
94,851863.8449999999,1,15,3513,blue,false,left,15,43,right,orange,2719,0
95,857098.2400000066,1,34,3479,blue,true,right,50,34,right,blue,574,0
96,860186.0699999961,0,0,3479,blue,false,right,43,48,right,blue,431,0
97,863136.3299999939,1,35,3444,blue,true,left,14,35,left,blue,1230,0
98,866883.6750000046,0,0,3444,blue,true,right,12,42,left,orange,444,0
99,869845.6200000073,0,0,3444,blue,true,right,40,44,left,orange,561,0
100,872924.2349999986,0,0,3444,blue,true,right,88,50,left,orange,434,0
101,875874.3850000028,0,0,3444,blue,true,left,51,19,right,orange,1125,0
102,879523.0299999967,0,0,3444,blue,true,right,44,59,left,orange,995,0
103,883037.4250000023,0,0,3444,blue,true,left,23,9,right,orange,523,0
104,886076.5300000057,0,0,3444,blue,true,right,23,76,left,orange,812,0
105,889410.315000001,0,0,3444,blue,true,left,94,47,right,orange,611,0
106,892539.2649999994,1,67,3377,blue,false,left,67,56,right,orange,606,0
107,895661.5049999964,0,0,3377,blue,true,left,50,16,right,orange,474,0
108,898655.2800000063,0,0,3377,blue,true,right,83,7,left,orange,601,0
109,901778.5200000071,0,0,3377,blue,true,left,86,41,right,orange,595,0
110,904885.454999996,0,0,3377,blue,true,right,61,37,left,orange,530,0
111,907929.5399999974,1,82,3295,blue,false,left,82,57,right,orange,607,0
112,911064.1299999988,1,68,3227,blue,false,right,68,28,left,orange,839,0
113,914422.0000000059,1,65,3162,blue,false,left,65,76,right,orange,1248,0
114,918188.9349999983,0,0,3162,blue,false,right,25,19,right,blue,387,0
115,921093.5400000017,0,0,3162,blue,false,right,67,68,right,blue,609,0
116,924215.4500000033,0,0,3162,blue,false,right,82,68,right,blue,720,0
117,927458.1849999959,0,0,3162,blue,false,right,88,19,right,blue,610,0
118,930590.3499999986,0,0,3162,blue,true,left,55,11,right,orange,2754,0
119,935871.9050000072,0,0,3162,blue,true,left,74,36,right,orange,502,0
120,938886.3899999997,1,18,3144,blue,false,right,18,64,left,orange,1120,0
121,942532.0449999999,0,0,3144,blue,false,left,15,3,left,blue,1354,0
122,946411.1149999953,0,0,3144,blue,false,left,91,76,left,blue,1145,0
123,950081.7300000053,0,0,3144,blue,false,right,66,92,right,blue,437,0
124,953038.4999999951,0,0,3144,blue,false,right,67,14,right,blue,713,0
125,956269.5399999939,1,77,3067,blue,true,left,11,77,left,blue,707,0
126,959500.7599999954,0,0,3067,blue,false,left,36,20,left,blue,441,0
127,962456.8850000069,0,0,3067,blue,false,right,44,61,right,blue,479,0
128,965458.1599999947,0,0,3067,blue,false,left,4,34,left,blue,812,0
129,968794.1900000005,0,0,3067,blue,false,left,86,63,left,blue,547,0
130,971862.1450000064,0,0,3067,blue,false,left,99,43,left,blue,754,0
131,975132.7500000043,1,56,3011,blue,true,left,95,56,left,blue,941,0
132,978593.1350000028,0,0,3011,blue,false,left,89,63,left,blue,696,0
133,981805.1050000067,1,80,2931,blue,true,right,88,80,right,blue,451,0
134,984777.9500000033,0,0,2931,blue,false,right,5,10,right,blue,436,0
135,987733.9999999967,1,80,2851,blue,true,left,35,80,left,blue,401,0
136,990652.8749999998,1,57,2794,blue,true,left,8,57,left,blue,1433,0
137,994604.0950000024,0,0,2794,blue,true,left,78,47,right,orange,396,0
138,997525.8500000054,0,0,2794,blue,true,left,5,99,right,orange,440,0
139,1000480.5550000019,0,0,2794,blue,true,left,62,67,right,orange,522,0
140,1003516.929999998,1,95,2699,blue,false,right,95,27,left,orange,449,0
