Quiz_round,2,RESULT:,Steal1Goodness,Incorrect
num_trial,optionsPresented_time,outcome,loss_amount,running_total,anchor_stim,blue_aversive,blue_side,amount_orange,amount_blue,chosen_side,chosen_color,response_time,trial_repeat_count
1,231030.40000009537,1,37,4963,blue,true,left,44,37,left,blue,650,0
2,234216.40000009537,0,0,4963,blue,true,right,66,12,left,orange,283,0
3,237021.90000009537,0,0,4963,blue,true,right,98,9,left,orange,358,0
4,239900.80000019073,0,0,4963,blue,false,left,20,91,left,blue,340,0
5,242786.7000002861,1,8,4955,blue,true,right,28,8,right,blue,376,0
6,245692.40000009537,0,0,4955,blue,true,right,30,33,left,orange,349,0
7,248566.5,1,24,4931,blue,true,left,27,24,left,blue,392,0
8,251490.5,1,58,4873,blue,false,right,58,43,left,orange,346,0
9,254365.30000019073,0,0,4873,blue,true,right,72,47,left,orange,282,0
10,257171.40000009537,1,44,4829,blue,false,right,44,44,left,orange,382,0
11,260081,1,26,4803,blue,true,left,69,26,left,blue,342,0
12,262957.5,1,41,4762,blue,true,right,6,41,right,blue,341,0
13,265825.90000009537,1,34,4728,blue,true,right,88,34,right,blue,338,0
14,268687.2000002861,0,0,4728,blue,false,right,73,18,right,blue,820,0
15,272042.5,1,25,4703,blue,true,right,60,25,right,blue,905,0
16,275491,1,6,4697,blue,true,right,68,6,right,blue,303,0
17,278312.2000002861,0,0,4697,blue,false,left,48,39,left,blue,307,0
18,281135.5,0,0,4697,blue,true,right,35,76,left,orange,415,0
19,284089.30000019073,0,0,4697,blue,true,right,23,85,left,orange,390,0
20,287018.09999990463,0,0,4697,blue,true,right,54,22,left,orange,372,0
21,289926.09999990463,1,66,4631,blue,false,left,66,58,right,orange,649,0
22,293094.2000002861,1,41,4590,blue,true,left,98,41,left,blue,406,0
23,296039,0,0,4590,blue,true,right,58,80,left,orange,336,0
24,298894.5,0,0,4590,blue,true,left,32,85,right,orange,232,0
25,301653.40000009537,1,83,4507,blue,false,left,83,15,right,orange,277,0
26,304458.7000002861,0,0,4507,blue,true,left,18,16,right,orange,331,0
27,307313.5,0,0,4507,blue,true,left,56,99,right,orange,293,0
28,310120.09999990463,1,75,4432,blue,true,right,23,75,right,blue,433,0
29,313081.5,1,18,4414,blue,true,right,68,18,right,blue,294,0
30,315903.59999990463,0,0,4414,blue,true,left,30,16,right,orange,370,0
31,318795.7000002861,0,0,4414,blue,true,left,86,37,right,orange,391,0
32,321704.09999990463,0,0,4414,blue,true,left,47,44,right,orange,519,0
33,324741.80000019073,0,0,4414,blue,true,right,3,91,left,orange,851,0
34,328118.80000019073,0,0,4414,blue,false,right,60,14,right,blue,920,0
35,331557.59999990463,0,0,4414,blue,true,left,54,84,right,orange,961,0
36,335033,1,23,4391,blue,true,right,34,23,right,blue,649,0
37,338205.09999990463,0,0,4391,blue,true,left,96,28,right,orange,383,0
38,341113.09999990463,0,0,4391,blue,false,right,83,94,right,blue,539,0
39,344187.09999990463,1,86,4305,blue,true,right,63,86,right,blue,20,0
40,346740.5,0,0,4305,blue,true,right,99,53,left,orange,723,0
41,349984.5,0,0,4305,blue,true,right,29,91,left,orange,513,0
42,353023,1,64,4241,blue,true,right,88,64,right,blue,356,0
43,355900.80000019073,0,0,4241,blue,true,left,84,70,right,orange,355,0
44,358776.2000002861,0,0,4241,blue,false,right,61,88,right,blue,334,0
45,361631.80000019073,0,0,4241,blue,true,right,61,43,left,orange,785,0
46,364939.90000009537,0,0,4241,blue,true,right,87,54,left,orange,548,0
47,368016.80000019073,1,5,4236,blue,false,right,5,90,left,orange,743,0
48,375300.40000009537,1,44,4192,blue,true,right,71,44,right,blue,762,0
49,378592.7000002861,0,0,4192,blue,true,left,42,52,right,orange,27,0
50,381152.30000019073,1,93,4099,blue,true,right,39,93,right,blue,184,0
51,383857,1,24,4075,blue,true,right,39,24,right,blue,211,0
52,386610.30000019073,0,0,4075,blue,false,right,20,10,right,blue,11,0
53,389147.80000019073,0,0,4075,blue,false,right,85,43,right,blue,458,0
54,392122.2000002861,0,0,4075,blue,false,right,77,7,right,blue,16,0
55,394682.80000019073,1,90,3985,blue,true,right,95,90,right,blue,201,0
56,397406.7000002861,0,0,3985,blue,true,left,56,7,right,orange,259,0
57,400194.30000019073,1,69,3916,blue,true,right,50,69,right,blue,15,0
58,402732.80000019073,0,0,3916,blue,true,right,4,83,left,orange,366,0
59,405623.5,1,40,3876,blue,false,right,40,8,left,orange,306,0
60,408445.5,1,86,3790,blue,true,left,47,86,left,blue,519,0
61,411483.59999990463,1,49,3741,blue,true,left,15,49,left,blue,568,0
62,414575.59999990463,0,0,3741,blue,true,right,17,39,left,orange,400,0
63,417495.59999990463,0,0,3741,blue,false,left,76,97,left,blue,227,0
64,420241.2000002861,1,14,3727,blue,true,left,73,14,left,blue,177,0
65,422947.2000002861,0,0,3727,blue,true,left,67,29,right,orange,483,0
66,425954.40000009537,0,0,3727,blue,true,left,48,39,right,orange,289,0
67,428762.59999990463,1,99,3628,blue,true,right,30,99,right,blue,495,0
68,431786.09999990463,1,13,3615,blue,false,left,13,20,right,orange,351,0
69,434676.40000009537,1,59,3556,blue,true,left,66,59,left,blue,318,0
70,437530.7000002861,1,60,3496,blue,true,left,20,60,left,blue,297,0
71,440351,1,25,3471,blue,true,left,41,25,left,blue,14,0
72,442893.40000009537,1,76,3395,blue,false,left,76,70,right,orange,274,0
73,445701.30000019073,0,0,3395,blue,false,right,73,18,right,blue,586,0
74,448823.59999990463,1,41,3354,blue,false,left,41,80,right,orange,348,0
75,451692.2000002861,0,0,3354,blue,true,left,25,76,right,orange,43,0
76,454252.7000002861,0,0,3354,blue,false,right,34,52,right,blue,347,0
77,457127.2000002861,1,30,3324,blue,false,left,30,60,right,orange,460,0
78,460110.90000009537,1,91,3233,blue,false,left,91,36,right,orange,172,0
79,462800.59999990463,1,70,3163,blue,false,left,70,59,right,orange,94,0
80,465421.30000019073,0,0,3163,blue,true,right,64,47,left,orange,116,0
81,468066.80000019073,1,28,3135,blue,false,right,28,44,left,orange,44,0
82,470633.59999990463,0,0,3135,blue,false,left,2,80,left,blue,400,0
83,473563.90000009537,1,20,3115,blue,false,right,20,39,left,orange,406,0
84,476501.90000009537,1,32,3083,blue,false,right,32,61,left,orange,144,0
85,479176.09999990463,1,90,2993,blue,false,left,90,61,right,orange,188,0
86,481883.2000002861,1,70,2923,blue,true,right,62,70,right,blue,328,0
87,484736.09999990463,1,17,2906,blue,false,left,17,33,right,orange,415,0
88,487674.2000002861,1,74,2832,blue,false,right,74,17,left,orange,695,0
89,490905.2000002861,0,0,2832,blue,false,left,2,85,left,blue,456,0
90,493889.2000002861,0,0,2832,blue,false,right,39,76,right,blue,807,0
91,497220.5,0,0,2832,blue,false,left,70,20,left,blue,592,0
92,500326.90000009537,1,69,2763,blue,true,left,24,69,left,blue,497,0
93,503349.7000002861,1,52,2711,blue,true,left,59,52,left,blue,495,0
94,510387,0,0,2711,blue,false,right,15,43,right,blue,2037,0
95,514953.30000019073,0,0,2711,blue,true,left,50,34,right,orange,352,0
96,517833.80000019073,0,0,2711,blue,false,right,43,48,right,blue,347,0
97,520711.80000019073,0,0,2711,blue,true,left,14,35,right,orange,73,0
98,523302.2000002861,0,0,2711,blue,true,left,12,42,right,orange,208,0
99,526039,1,44,2667,blue,true,right,40,44,right,blue,84,0
100,528646.4000000954,1,50,2617,blue,true,right,88,50,right,blue,82,0
101,531251.5,1,19,2598,blue,true,right,51,19,right,blue,133,0
102,533909.3000001907,0,0,2598,blue,true,right,44,59,left,orange,75,0
103,536514.8000001907,1,9,2589,blue,true,left,23,9,left,blue,453,0
104,539500.5999999046,0,0,2589,blue,true,right,23,76,left,orange,531,0
105,542560.5999999046,0,0,2589,blue,true,left,94,47,right,orange,459,0
106,545539.2000002861,1,67,2522,blue,false,right,67,56,left,orange,568,0
107,548647.8000001907,0,0,2522,blue,true,right,50,16,left,orange,461,0
108,551654.2000002861,0,0,2522,blue,true,right,83,7,left,orange,168,0
109,554361.3000001907,0,0,2522,blue,true,left,86,41,right,orange,753,0
110,557646,0,0,2522,blue,true,right,61,37,left,orange,399,0
111,560575.0999999046,1,82,2440,blue,false,left,82,57,right,orange,371,0
112,563483.2000002861,1,68,2372,blue,false,left,68,28,right,orange,498,0
113,566505.5999999046,1,65,2307,blue,false,left,65,76,right,orange,353,0
114,569394.5,0,0,2307,blue,false,right,25,19,right,blue,419,0
115,572333.5999999046,0,0,2307,blue,false,right,67,68,right,blue,197,0
116,575055.7000002861,0,0,2307,blue,false,left,82,68,left,blue,511,0
117,578095,0,0,2307,blue,false,left,88,19,left,blue,450,0
118,581068.2000002861,1,11,2296,blue,true,right,55,11,right,blue,616,0
119,584209.7000002861,0,0,2296,blue,true,left,74,36,right,orange,689,0
120,587418.2000002861,1,18,2278,blue,false,left,18,64,right,orange,118,0
121,590059.8000001907,1,15,2263,blue,false,right,15,3,left,orange,318,0
122,592896.2000002861,1,91,2172,blue,false,right,91,76,left,orange,369,0
123,595791.0999999046,1,66,2106,blue,false,right,66,92,left,orange,390,0
124,598713.0999999046,1,67,2039,blue,false,left,67,14,right,orange,407,0
125,601650.5,1,77,1962,blue,true,left,11,77,left,blue,634,0
126,604810.8000001907,0,0,1962,blue,false,left,36,20,left,blue,109,0
127,607449.5,0,0,1962,blue,false,left,44,61,left,blue,118,0
128,610090.8000001907,0,0,1962,blue,false,left,4,34,left,blue,276,0
129,612897.4000000954,0,0,1962,blue,false,right,86,63,right,blue,1656,0
130,617070.5999999046,0,0,1962,blue,false,left,99,43,left,blue,463,0
131,620062.8000001907,1,56,1906,blue,true,left,95,56,left,blue,432,0
132,623021.4000000954,0,0,1906,blue,false,left,89,63,left,blue,400,0
133,625943.7000002861,1,80,1826,blue,true,left,88,80,left,blue,659,0
134,629142.2000002861,1,5,1821,blue,false,right,5,10,left,orange,424,0
135,632091.8000001907,1,80,1741,blue,true,left,35,80,left,blue,530,0
136,635150.7000002861,1,57,1684,blue,true,right,8,57,right,blue,598,0
137,638274.5,0,0,1684,blue,true,left,78,47,right,orange,211,0
138,641012.9000000954,1,99,1585,blue,true,right,5,99,right,blue,294,0
139,643834.4000000954,0,0,1585,blue,true,left,62,67,right,orange,514,0
140,646882.7000002861,0,0,1585,blue,false,right,95,27,right,blue,391,0
