Quiz_round,2,RESULT:,-,allCorrect
num_trial,optionsPresented_time,outcome,loss_amount,running_total,anchor_stim,blue_aversive,blue_side,amount_orange,amount_blue,chosen_side,chosen_color,response_time,trial_repeat_count
1,282495,1,10,4990,blue,true,right,23,10,right,blue,1134,0
2,286146,0,0,4990,blue,true,left,45,97,right,orange,1259,0
3,289917.00000000006,0,0,4990,blue,true,right,54,62,left,orange,1862,0
4,294294,0,0,4990,blue,false,left,99,16,left,blue,1163,0
5,297968,1,40,4950,blue,true,left,72,40,left,blue,1422,0
6,301905.00000000006,0,0,4950,blue,true,left,98,88,right,orange,1983,0
7,306400.00000000006,0,0,4950,blue,true,right,6,54,left,orange,2130,0
8,311041,0,0,4950,blue,true,left,64,55,right,orange,1937,0
9,315491,0,0,4950,blue,false,left,96,45,left,blue,1757,0
10,319761,0,0,4950,blue,true,right,28,19,left,orange,1738,0
11,324010,0,0,4950,blue,true,left,95,26,right,orange,1115,0
12,327637,0,0,4950,blue,true,left,90,29,right,orange,1120,0
13,331270,0,0,4950,blue,true,left,20,53,right,orange,1093,0
14,334874,1,56,4894,blue,true,left,74,56,left,blue,1326,0
15,338715.00000000006,0,0,4894,blue,true,left,18,42,right,orange,985,0
16,342211,0,0,4894,blue,true,right,11,91,left,orange,703,0
17,345426,1,32,4862,blue,false,right,32,31,left,orange,1601,0
18,349539,0,0,4862,blue,true,right,36,65,left,orange,769,0
19,352818,1,40,4822,blue,false,left,40,30,right,orange,1332,0
20,356669,1,26,4796,blue,true,left,29,26,left,blue,1271,0
21,360457,1,32,4764,blue,false,left,32,36,right,orange,1035,0
22,364006,1,81,4683,blue,true,right,72,81,right,blue,1791,0
23,368313,1,95,4588,blue,false,left,95,54,right,orange,1821,0
24,372648,1,40,4548,blue,false,left,40,59,right,orange,1002,0
25,376164,0,0,4548,blue,false,right,29,24,right,blue,583,0
26,379259,0,0,4548,blue,false,left,60,51,left,blue,629,0
27,382399,0,0,4548,blue,false,left,83,65,left,blue,564,0
28,385474,1,98,4450,blue,true,right,78,98,right,blue,664,0
29,388653,1,56,4394,blue,false,right,56,51,left,orange,822,0
30,391990,0,0,4394,blue,false,left,5,20,left,blue,578,0
31,395081,0,0,4394,blue,false,right,67,2,right,blue,1338,0
32,398931,0,0,4394,blue,false,right,85,84,right,blue,1599,0
33,403046,0,0,4394,blue,true,left,7,49,right,orange,1099,0
34,406660,0,0,4394,blue,false,right,37,47,right,blue,1575,0
35,410747,1,27,4367,blue,false,right,27,91,left,orange,1184,0
36,414445,0,0,4367,blue,false,right,44,42,right,blue,974,0
37,417931,1,55,4312,blue,true,right,31,55,right,blue,789,0
38,421237,0,0,4312,blue,false,right,97,70,right,blue,2265,0
39,426013.00000000006,0,0,4312,blue,false,left,14,9,left,blue,717,0
40,429240,1,51,4261,blue,true,left,23,51,left,blue,1026,0
41,432786,1,79,4182,blue,true,left,89,79,left,blue,666,0
42,435967,0,0,4182,blue,true,right,83,86,left,orange,561,0
43,439041,0,0,4182,blue,true,right,40,62,left,orange,559,0
44,442113,0,0,4182,blue,true,right,36,23,left,orange,566,0
45,445190,0,0,4182,blue,true,right,65,61,left,orange,597,0
46,448297,0,0,4182,blue,true,left,74,67,right,orange,592,0
47,451400.00000000006,0,0,4182,blue,true,left,73,41,right,orange,495,0
48,458411,1,96,4086,blue,false,left,96,54,right,orange,1943,0
49,462868,1,88,3998,blue,true,right,86,88,right,blue,1197,0
50,466581,0,0,3998,blue,true,left,43,66,right,orange,561,0
51,469654,0,0,3998,blue,true,left,72,79,right,orange,522,0
52,472688,1,71,3927,blue,false,right,71,13,left,orange,560,0
53,475761,0,0,3927,blue,true,right,78,53,left,orange,1351,0
54,479627,0,0,3927,blue,true,right,57,90,left,orange,772,0
55,482911,1,3,3924,blue,false,left,3,12,right,orange,717,0
56,486143,0,0,3924,blue,true,left,2,64,right,orange,1151,0
57,489810,1,9,3915,blue,true,left,99,9,left,blue,1036,0
58,493363,1,42,3873,blue,true,right,21,42,right,blue,1774,0
59,497651,0,0,3873,blue,true,right,83,72,left,orange,1224,0
60,501388.00000000006,1,11,3862,blue,true,right,37,11,right,blue,1724,0
61,505627,1,67,3795,blue,false,right,67,81,left,orange,680,0
62,508821,1,14,3781,blue,true,right,12,14,right,blue,1801,0
63,513138.00000000006,1,78,3703,blue,false,right,78,90,left,orange,1335,0
64,516988.00000000006,0,0,3703,blue,false,left,46,53,left,blue,658,0
65,520158,0,0,3703,blue,false,right,30,42,right,blue,690,0
66,523360,0,0,3703,blue,false,right,36,65,right,blue,550,0
67,526421,0,0,3703,blue,false,left,49,49,left,blue,594,0
68,529525,0,0,3703,blue,false,right,44,10,right,blue,806,0
69,532844,0,0,3703,blue,false,left,70,64,left,blue,464,0
70,535820,0,0,3703,blue,false,left,68,95,left,blue,597,0
71,538927,0,0,3703,blue,false,right,38,46,right,blue,541,0
72,541980,0,0,3703,blue,false,left,18,24,left,blue,452,0
73,544944,0,0,3703,blue,false,right,82,78,right,blue,471,0
74,547926,0,0,3703,blue,false,left,59,54,left,blue,447,0
75,550887,0,0,3703,blue,false,left,36,33,left,blue,458,0
76,553861,1,56,3647,blue,true,left,49,56,left,blue,456,0
77,556831,0,0,3647,blue,false,right,26,83,right,blue,470,0
78,559814,0,0,3647,blue,false,right,38,81,right,blue,457,0
79,562786,0,0,3647,blue,false,right,12,3,right,blue,610,0
80,565910,0,0,3647,blue,false,left,62,38,left,blue,522,0
81,568944,0,0,3647,blue,false,right,43,50,right,blue,475,0
82,571932,0,0,3647,blue,false,left,50,47,left,blue,398,0
83,574842,1,35,3612,blue,true,right,41,35,right,blue,439,0
84,577795,0,0,3612,blue,false,left,9,62,left,blue,424,0
85,580732,0,0,3612,blue,false,left,60,58,left,blue,492,0
86,583739,0,0,3612,blue,false,right,88,31,right,blue,598,0
87,586849,0,0,3612,blue,false,left,56,44,left,blue,438,0
88,589798,1,15,3597,blue,true,left,31,15,left,blue,455,0
89,592769,0,0,3597,blue,false,left,90,31,left,blue,455,0
90,595735,0,0,3597,blue,false,right,80,76,right,blue,1258,0
91,599504,0,0,3597,blue,false,left,78,4,left,blue,587,0
92,602603.0000000001,0,0,3597,blue,false,right,60,28,right,blue,812,0
93,605930.0000000001,1,99,3498,blue,true,left,56,99,left,blue,1412,0
94,613859,0,0,3498,blue,false,right,31,45,right,blue,1753,0
95,618123,0,0,3498,blue,false,right,55,16,right,blue,602,0
96,621236,1,89,3409,blue,true,right,12,89,right,blue,671,0
97,624422,0,0,3409,blue,false,right,49,4,right,blue,675,0
98,627608.0000000001,0,0,3409,blue,false,right,69,12,right,blue,492,0
99,630610,1,26,3383,blue,true,left,49,26,left,blue,624,0
100,633747,1,75,3308,blue,false,right,75,76,left,orange,1293,0
101,637554,1,22,3286,blue,false,left,22,90,right,orange,1071,0
102,641139,1,23,3263,blue,true,right,26,23,right,blue,945,0
103,644599,1,11,3252,blue,false,right,11,68,left,orange,800,0
104,647912,1,82,3170,blue,true,right,71,82,right,blue,758,0
105,651183,1,86,3084,blue,false,left,86,95,right,orange,2231,0
106,655927,0,0,3084,blue,false,right,79,88,right,blue,449,0
107,658887,0,0,3084,blue,false,right,75,40,right,blue,698,0
108,662095,0,0,3084,blue,false,right,11,94,right,blue,603,0
109,665210,1,44,3040,blue,true,right,53,44,right,blue,1088,0
110,668812,0,0,3040,blue,false,right,85,17,right,blue,1100,0
111,672424,1,32,3008,blue,true,right,85,32,right,blue,581,0
112,675519,1,38,2970,blue,false,left,38,68,right,orange,942,0
113,678975,1,28,2942,blue,false,left,28,93,right,orange,1030,0
114,682518,1,13,2929,blue,false,right,13,95,left,orange,1103,0
115,686134,0,0,2929,blue,false,left,69,60,left,blue,1709,0
116,690355,1,95,2834,blue,true,left,56,95,left,blue,917,0
117,693786,1,2,2832,blue,false,left,2,41,right,orange,801,0
118,697101,0,0,2832,blue,false,left,42,5,left,blue,714,0
119,700327,0,0,2832,blue,false,left,44,30,left,blue,638,0
120,703476,0,0,2832,blue,false,left,79,4,left,blue,482,0
121,706470,0,0,2832,blue,false,left,83,87,left,blue,859,0
122,709840,0,0,2832,blue,false,right,59,44,right,blue,687,0
123,713040,1,10,2822,blue,true,right,15,10,right,blue,469,0
124,716023,0,0,2822,blue,false,right,60,15,right,blue,403,0
125,718938,0,0,2822,blue,false,left,73,25,left,blue,536,0
126,721986,0,0,2822,blue,false,right,43,23,right,blue,502,0
127,725000,0,0,2822,blue,false,right,22,87,right,blue,621,0
128,728132.0000000001,1,77,2745,blue,true,right,27,77,right,blue,731,0
129,731378,0,0,2745,blue,false,right,99,35,right,blue,538,0
130,734427,1,39,2706,blue,true,left,49,39,left,blue,721,0
131,737663,0,0,2706,blue,false,right,83,60,right,blue,503,0
132,740678,1,54,2652,blue,true,left,61,54,left,blue,506,0
133,743699.0000000001,0,0,2652,blue,false,left,82,34,left,blue,639,0
134,746849,0,0,2652,blue,false,left,96,86,left,blue,774,0
135,750135,0,0,2652,blue,false,right,65,27,right,blue,599,0
136,753246,0,0,2652,blue,false,left,63,93,left,blue,639,0
137,756396.0000000001,0,0,2652,blue,false,right,65,40,right,blue,536,0
138,759443,1,7,2645,blue,false,right,7,69,left,orange,1104,0
139,763062,1,28,2617,blue,true,left,94,28,left,blue,489,0
140,766064,0,0,2617,blue,false,right,90,4,right,blue,593,0
