Quiz_round,1,RESULT:,Steal1Goodness,Incorrect
Quiz_round,2,RESULT:,Steal1Goodness,Incorrect
num_trial,optionsPresented_time,outcome,loss_amount,running_total,anchor_stim,blue_aversive,blue_side,amount_orange,amount_blue,chosen_side,chosen_color,response_time,trial_repeat_count
1,189224.09999999945,0,0,5000,blue,true,right,23,10,left,orange,2845,0
2,194595.80000000278,1,97,4903,blue,true,left,45,97,left,blue,1158,0
3,198292.30000000098,1,62,4841,blue,true,right,54,62,right,blue,670,0
4,201493.69999999908,1,99,4742,blue,false,left,99,16,right,orange,853,0
5,204875.80000000162,0,0,4742,blue,true,right,72,40,left,orange,759,0
6,208155.89999999793,0,0,4742,blue,true,left,98,88,right,orange,631,0
7,211309.9000000002,0,0,4742,blue,true,left,6,54,right,orange,1013,0
8,214843.39999999793,0,0,4742,blue,true,left,64,55,right,orange,455,0
9,217821.00000000355,0,0,4742,blue,false,right,96,45,right,blue,797,0
10,221142.40000000427,1,19,4723,blue,true,right,28,19,right,blue,515,0
11,224186.99999999808,0,0,4723,blue,true,left,95,26,right,orange,568,0
12,227274.49999999953,1,29,4694,blue,true,right,90,29,right,blue,1000,0
13,230804.1000000012,1,53,4641,blue,true,right,20,53,right,blue,670,0
14,234003.7999999986,0,0,4641,blue,true,left,74,56,right,orange,477,0
15,237002.39999999758,1,42,4599,blue,true,right,18,42,right,blue,465,0
16,239994.40000000322,0,0,4599,blue,true,left,11,91,right,orange,745,0
17,243256.50000000314,1,32,4567,blue,false,right,32,31,left,orange,410,0
18,246192.50000000466,0,0,4567,blue,true,left,36,65,right,orange,424,0
19,249139.00000000285,1,40,4527,blue,false,left,40,30,right,orange,416,0
20,252081.70000000246,0,0,4527,blue,true,left,29,26,right,orange,481,0
21,255081.5999999977,1,32,4495,blue,false,left,32,36,right,orange,450,0
22,258059.39999999828,0,0,4495,blue,true,left,72,81,right,orange,910,0
23,261490.7000000021,1,95,4400,blue,false,left,95,54,right,orange,888,0
24,270425.4000000001,1,40,4360,blue,false,left,40,59,right,orange,1579,1
25,274532.100000004,1,29,4331,blue,false,right,29,24,left,orange,676,0
26,277733.09999999765,0,0,4331,blue,false,right,60,51,right,blue,609,0
27,280864.2000000036,0,0,4331,blue,false,left,83,65,left,blue,745,0
28,284131.9999999978,1,98,4233,blue,true,right,78,98,right,blue,739,0
29,287400.2000000037,0,0,4233,blue,false,right,56,51,right,blue,2616,0
30,292541.6000000041,0,0,4233,blue,false,right,5,20,right,blue,2059,0
31,297122.3000000027,1,67,4166,blue,false,left,67,2,right,orange,1876,0
32,301527.60000000126,0,0,4166,blue,false,right,85,84,right,blue,804,0
33,304858.2999999999,0,0,4166,blue,true,left,7,49,right,orange,3230,0
34,310608.4000000046,1,37,4129,blue,false,left,37,47,right,orange,582,0
35,313717.6000000036,0,0,4129,blue,false,left,27,91,left,blue,538,0
36,316777.00000000186,0,0,4129,blue,false,left,44,42,left,blue,562,0
37,319858.5000000021,1,55,4074,blue,true,right,31,55,right,blue,1046,0
38,323433.7000000014,0,0,4074,blue,false,right,97,70,right,blue,764,0
39,326721.6000000044,0,0,4074,blue,false,left,14,9,left,blue,486,0
40,329730.70000000007,1,51,4023,blue,true,left,23,51,left,blue,750,0
41,333326.9999999975,1,79,3944,blue,true,left,89,79,left,blue,986,0
42,336844.9000000037,1,86,3858,blue,true,left,83,86,left,blue,963,0
43,340336.40000000014,1,62,3796,blue,true,right,40,62,right,blue,637,0
44,343499.7000000003,0,0,3796,blue,true,right,36,23,left,orange,824,0
45,346851.39999999956,0,0,3796,blue,true,left,65,61,right,orange,398,0
46,349768.90000000276,1,67,3729,blue,true,left,74,67,left,blue,895,0
47,353187.7999999997,0,0,3729,blue,true,right,73,41,left,orange,1269,0
48,361071.100000001,0,0,3729,blue,false,right,96,54,right,blue,1941,0
49,365537.19999999885,1,88,3641,blue,true,left,86,88,left,blue,538,0
50,368600.80000000016,0,0,3641,blue,true,left,43,66,right,orange,1158,0
51,372279.8000000039,0,0,3641,blue,true,left,72,79,right,orange,678,0
52,375482.4000000008,1,71,3570,blue,false,left,71,13,right,orange,476,0
53,378487.000000001,0,0,3570,blue,true,right,78,53,left,orange,1168,0
54,382175.3000000026,0,0,3570,blue,true,left,57,90,right,orange,866,0
55,385562.4000000025,1,3,3567,blue,false,right,3,12,left,orange,1325,0
56,389415.89999999997,0,0,3567,blue,true,left,2,64,right,orange,1308,0
57,393247.3000000027,0,0,3567,blue,true,right,99,9,left,orange,1226,0
58,396999.7999999978,0,0,3567,blue,true,left,21,42,right,orange,2222,0
59,401743.9000000013,0,0,3567,blue,true,left,83,72,right,orange,2361,0
60,406624.4000000006,1,11,3556,blue,true,right,37,11,right,blue,1318,0
61,410472.0000000016,1,67,3489,blue,false,right,67,81,left,orange,1672,0
62,414672.59999999806,0,0,3489,blue,true,left,12,14,right,orange,1235,0
63,418432.0999999982,1,78,3411,blue,false,right,78,90,left,orange,1322,0
64,422280.50000000076,1,46,3365,blue,false,left,46,53,right,orange,2245,0
65,427052.9000000024,1,30,3335,blue,false,left,30,42,right,orange,1716,0
66,431296.99999999866,1,36,3299,blue,false,right,36,65,left,orange,2580,0
67,436405.59999999823,1,49,3250,blue,false,right,49,49,left,orange,1782,0
68,440712.29999999923,0,0,3250,blue,false,left,44,10,left,blue,1572,0
69,444806.4999999988,0,0,3250,blue,false,right,70,64,right,blue,1645,0
70,448978.6000000022,1,68,3182,blue,false,right,68,95,left,orange,1711,0
71,453219.40000000177,1,38,3144,blue,false,left,38,46,right,orange,1714,0
72,457456.79999999993,1,18,3126,blue,false,left,18,24,right,orange,1417,0
73,461398.0999999985,0,0,3126,blue,false,right,82,78,right,blue,1548,0
74,465465.4999999984,0,0,3126,blue,false,right,59,54,right,blue,2906,0
75,470890.10000000417,0,0,3126,blue,false,left,36,33,left,blue,1811,0
76,475222.8000000032,0,0,3126,blue,true,left,49,56,right,orange,1177,0
77,478926.1000000042,1,26,3100,blue,false,right,26,83,left,orange,1502,0
78,482953.6999999982,1,38,3062,blue,false,left,38,81,right,orange,1205,0
79,486690.3999999995,0,0,3062,blue,false,left,12,3,left,blue,1468,0
80,490682.0000000007,0,0,3062,blue,false,left,62,38,left,blue,607,0
81,493812.2000000003,0,0,3062,blue,false,right,43,50,right,blue,1255,0
82,497589.80000000156,0,0,3062,blue,false,right,50,47,right,blue,1673,0
83,501786.8000000017,1,35,3027,blue,true,right,41,35,right,blue,1255,0
84,505566.2999999986,0,0,3027,blue,false,right,9,62,right,blue,469,0
85,508557.8000000023,0,0,3027,blue,false,left,60,58,left,blue,1440,0
86,512520.10000000155,0,0,3027,blue,false,left,88,31,left,blue,1202,0
87,516240.7000000021,0,0,3027,blue,false,right,56,44,right,blue,1428,0
88,520192.1000000002,1,15,3012,blue,true,left,31,15,left,blue,1737,0
89,524453.0999999988,0,0,3012,blue,false,right,90,31,right,blue,1925,0
90,528904.6000000017,0,0,3012,blue,false,right,80,76,right,blue,1102,0
91,532533.7,0,0,3012,blue,false,left,78,4,left,blue,1617,0
92,536675.0000000029,0,0,3012,blue,false,right,60,28,right,blue,1401,0
93,540596.2999999975,0,0,3012,blue,true,right,56,99,left,orange,2210,0
94,549334.1000000001,1,31,2981,blue,false,left,31,45,right,orange,1691,0
95,553547.5000000006,0,0,2981,blue,false,left,55,16,left,blue,1144,0
96,557214.2000000022,1,89,2892,blue,true,left,12,89,left,blue,557,0
97,560297.8000000003,1,49,2843,blue,false,left,49,4,right,orange,642,0
98,563463.7999999977,0,0,2843,blue,false,left,69,12,left,blue,481,0
99,566466.3,1,26,2817,blue,true,right,49,26,right,blue,931,0
100,569925.9999999995,0,0,2817,blue,false,right,75,76,right,blue,981,0
101,573426.7000000037,0,0,2817,blue,false,left,22,90,left,blue,1170,0
102,577123.2000000018,1,23,2794,blue,true,right,26,23,right,blue,1622,0
103,581271.0999999981,0,0,2794,blue,false,right,11,68,right,blue,1457,0
104,585252.5000000023,1,82,2712,blue,true,right,71,82,right,blue,1224,0
105,589002.3,0,0,2712,blue,false,left,86,95,left,blue,1055,0
106,592581.9000000047,0,0,2712,blue,false,right,79,88,right,blue,1116,0
107,596218.0000000007,0,0,2712,blue,false,left,75,40,left,blue,1186,0
108,599926.8000000011,0,0,2712,blue,false,right,11,94,right,blue,1790,0
109,604237.0000000009,1,44,2668,blue,true,left,53,44,left,blue,1367,0
110,608132.4000000022,0,0,2668,blue,false,right,85,17,right,blue,1327,0
111,611981.8999999989,1,32,2636,blue,true,left,85,32,left,blue,1334,0
112,615844.7000000015,0,0,2636,blue,false,right,38,68,right,blue,1023,0
113,619389.4999999974,0,0,2636,blue,false,right,28,93,right,blue,470,0
114,622384.5999999975,0,0,2636,blue,false,right,13,95,right,blue,476,0
115,625383.2000000039,0,0,2636,blue,false,left,69,60,left,blue,1102,0
116,629006.6000000006,1,95,2541,blue,true,right,56,95,right,blue,669,0
117,632199.0000000005,0,0,2541,blue,false,right,2,41,right,blue,476,0
118,635196.0000000035,0,0,2541,blue,false,left,42,5,left,blue,1105,0
119,638823.7000000009,0,0,2541,blue,false,left,44,30,left,blue,1227,0
120,642576.0999999985,0,0,2541,blue,false,left,79,4,left,blue,827,0
121,645921.3999999992,0,0,2541,blue,false,left,83,87,left,blue,819,0
122,649259.4000000027,0,0,2541,blue,false,right,59,44,right,blue,480,0
123,652262.2000000046,1,10,2531,blue,true,right,15,10,right,blue,470,0
124,655259.1000000029,0,0,2531,blue,false,right,60,15,right,blue,518,0
125,658298.9999999991,0,0,2531,blue,false,right,73,25,right,blue,450,0
126,661272.0000000044,0,0,2531,blue,false,left,43,23,left,blue,1287,0
127,665082.9000000013,0,0,2531,blue,false,right,22,87,right,blue,1515,0
128,669122.000000003,1,77,2454,blue,true,left,27,77,left,blue,1185,0
129,672836.4000000001,0,0,2454,blue,false,left,99,35,left,blue,995,0
130,676351.3000000021,1,39,2415,blue,true,left,49,39,left,blue,1103,0
131,679980.4000000004,0,0,2415,blue,false,left,83,60,left,blue,1062,0
132,683565.0000000023,1,54,2361,blue,true,left,61,54,left,blue,1406,0
133,687500.5000000019,0,0,2361,blue,false,left,82,34,left,blue,772,0
134,690795.7000000024,0,0,2361,blue,false,left,96,86,left,blue,447,0
135,693766.6000000027,0,0,2361,blue,false,right,65,27,right,blue,638,0
136,696932.8000000024,0,0,2361,blue,false,right,63,93,right,blue,436,0
137,699893.4000000008,0,0,2361,blue,false,right,65,40,right,blue,423,0
138,702837.400000004,0,0,2361,blue,false,left,7,69,left,blue,413,0
139,705775.8000000031,1,28,2333,blue,true,right,94,28,right,blue,419,0
140,708718.0000000007,0,0,2333,blue,false,right,90,4,right,blue,444,0
