Quiz_round,2,RESULT:,Steal1Goodness,Incorrect
num_trial,optionsPresented_time,outcome,loss_amount,running_total,anchor_stim,blue_aversive,blue_side,amount_orange,amount_blue,chosen_side,chosen_color,response_time,trial_repeat_count
C40526,1,200670.38999999932,1,10,4990,blue,true,left,23,10,left,blue,1749,0
C40526,2,204941.91999999748,0,0,4990,blue,true,right,45,97,left,orange,1899,0
C40526,3,209360.84499999924,0,0,4990,blue,true,left,54,62,right,orange,712,0
C40526,4,212592.8899999999,1,99,4891,blue,false,right,99,16,left,orange,643,0
C40526,5,215766.04999999836,0,0,4891,blue,true,left,72,40,right,orange,821,0
C40526,6,219115.71999999796,0,0,4891,blue,true,left,98,88,right,orange,804,0
C40526,7,222440.52999999985,0,0,4891,blue,true,right,6,54,left,orange,1343,0
C40526,8,226304.834999999,0,0,4891,blue,true,left,64,55,right,orange,644,0
C40526,9,229471.71999999773,1,96,4795,blue,false,left,96,45,right,orange,481,0
C40526,10,232478.16500000044,1,19,4776,blue,true,left,28,19,left,blue,417,0
C40526,11,235421.38499999783,0,0,4776,blue,true,right,95,26,left,orange,523,0
C40526,12,238462.8049999992,0,0,4776,blue,true,left,90,29,right,orange,735,0
C40526,13,241715.78999999838,0,0,4776,blue,true,left,20,53,right,orange,555,0
C40526,14,244791.90000000017,0,0,4776,blue,true,left,74,56,right,orange,674,0
C40526,15,247988.1600000008,0,0,4776,blue,true,right,18,42,left,orange,554,0
C40526,16,251068.29500000094,0,0,4776,blue,true,right,11,91,left,orange,596,0
C40526,17,254183.12999999762,1,32,4744,blue,false,right,32,31,left,orange,629,0
C40526,18,257334.8249999981,0,0,4744,blue,true,right,36,65,left,orange,446,0
C40526,19,260299.31999999826,1,40,4704,blue,false,left,40,30,right,orange,689,0
C40526,20,263510.0199999979,0,0,4704,blue,true,right,29,26,left,orange,426,0
C40526,21,266458.45499999996,1,32,4672,blue,false,left,32,36,right,orange,426,0
C40526,22,269411.4100000006,0,0,4672,blue,true,left,72,81,right,orange,463,0
C40526,23,272392.46999999887,1,95,4577,blue,false,right,95,54,left,orange,468,0
C40526,24,275384.0049999999,1,40,4537,blue,false,left,40,59,right,orange,390,0
C40526,25,278299.834999998,1,29,4508,blue,false,left,29,24,right,orange,513,0
C40526,26,281338.06999999797,0,0,4508,blue,false,left,60,51,left,blue,412,0
C40526,27,284269.3399999989,0,0,4508,blue,false,left,83,65,left,blue,429,0
C40526,28,287220.62499999814,1,98,4410,blue,true,left,78,98,left,blue,497,0
C40526,29,290241.13999999827,0,0,4410,blue,false,right,56,51,right,blue,510,0
C40526,30,293272.39999999804,0,0,4410,blue,false,left,5,20,left,blue,495,0
C40526,31,296286.87499999796,0,0,4410,blue,false,right,67,2,right,blue,765,0
C40526,32,299570.8799999993,0,0,4410,blue,false,right,85,84,right,blue,1229,0
C40526,33,303318.5850000009,1,49,4361,blue,true,right,7,49,right,blue,521,0
C40526,34,306370.77499999944,0,0,4361,blue,false,right,37,47,right,blue,530,0
C40526,35,309419.6200000006,0,0,4361,blue,false,right,27,91,right,blue,409,0
C40526,36,312347.15499999945,0,0,4361,blue,false,right,44,42,right,blue,406,0
C40526,37,315270.8949999978,1,55,4306,blue,true,right,31,55,right,blue,449,0
C40526,38,318244.09000000014,0,0,4306,blue,false,left,97,70,left,blue,697,0
C40526,39,321459.39499999804,0,0,4306,blue,false,left,14,9,left,blue,480,0
C40526,40,324456.19499999884,1,51,4255,blue,true,right,23,51,right,blue,477,0
C40526,41,327455.83500000066,1,79,4176,blue,true,left,89,79,left,blue,525,0
C40526,42,330505.75000000023,1,86,4090,blue,true,right,83,86,right,blue,486,0
C40526,43,333514.93499999924,1,62,4028,blue,true,left,40,62,left,blue,1326,0
C40526,44,337368.7099999988,1,23,4005,blue,true,right,36,23,right,blue,648,0
C40526,45,340540.33999999956,1,61,3944,blue,true,right,65,61,right,blue,3067,0
C40526,46,346131.81500000064,1,67,3877,blue,true,left,74,67,left,blue,799,0
C40526,47,349454.63499999826,0,0,3877,blue,true,left,73,41,right,orange,432,0
C40526,48,356424.4149999977,1,96,3781,blue,false,right,96,54,left,orange,1747,0
C40526,49,360695.8500000001,1,88,3693,blue,true,right,86,88,right,blue,518,0
C40526,50,363739.3200000006,0,0,3693,blue,true,left,43,66,right,orange,665,0
C40526,51,366921.5550000008,0,0,3693,blue,true,right,72,79,left,orange,465,0
C40526,52,369904.7900000005,1,71,3622,blue,false,left,71,13,right,orange,450,0
C40526,53,372879.4749999979,0,0,3622,blue,true,right,78,53,left,orange,447,0
C40526,54,375846.2899999977,0,0,3622,blue,true,left,57,90,right,orange,546,0
C40526,55,378916.079999999,1,3,3619,blue,false,right,3,12,left,orange,557,0
C40526,56,381998.854999998,0,0,3619,blue,true,right,2,64,left,orange,405,0
C40526,57,384921.50499999843,0,0,3619,blue,true,left,99,9,right,orange,561,0
C40526,58,388007.56999999797,0,0,3619,blue,true,left,21,42,right,orange,662,0
C40526,59,391194.9649999988,0,0,3619,blue,true,right,83,72,left,orange,446,0
C40526,60,394153.73499999987,0,0,3619,blue,true,right,37,11,left,orange,628,0
C40526,61,397299.8100000004,1,67,3552,blue,false,left,67,81,right,orange,560,0
C40526,62,400388.75999999803,0,0,3552,blue,true,left,12,14,right,orange,479,0
C40526,63,403386.595,1,78,3474,blue,false,right,78,90,left,orange,426,0
C40526,64,406340.9900000006,1,46,3428,blue,false,left,46,53,right,orange,985,0
C40526,65,409855.49499999976,0,0,3428,blue,false,right,30,42,right,blue,713,0
C40526,66,413086.2300000008,0,0,3428,blue,false,right,36,65,right,blue,577,0
C40526,67,416183.3899999983,0,0,3428,blue,false,left,49,49,left,blue,775,0
C40526,68,419481.8749999977,0,0,3428,blue,false,left,44,10,left,blue,541,0
C40526,69,422545.5249999977,0,0,3428,blue,false,right,70,64,right,blue,549,0
C40526,70,425613.91000000003,0,0,3428,blue,false,left,68,95,left,blue,466,0
C40526,71,428598.7849999983,0,0,3428,blue,false,right,38,46,right,blue,503,0
C40526,72,431623.46500000055,0,0,3428,blue,false,right,18,24,right,blue,492,0
C40526,73,434637.1599999984,0,0,3428,blue,false,left,82,78,left,blue,570,0
C40526,74,437727.7549999999,0,0,3428,blue,false,right,59,54,right,blue,519,0
C40526,75,440763.79000000085,0,0,3428,blue,false,left,36,33,left,blue,498,0
C40526,76,443777.63499999855,1,56,3372,blue,true,right,49,56,right,blue,435,0
C40526,77,446734.6199999993,0,0,3372,blue,false,right,26,83,right,blue,563,0
C40526,78,449818.514999999,0,0,3372,blue,false,right,38,81,right,blue,586,0
C40526,79,452920.64000000025,0,0,3372,blue,false,left,12,3,left,blue,792,0
C40526,80,456230.43499999767,0,0,3372,blue,false,left,62,38,left,blue,1226,0
C40526,81,459974.8949999994,0,0,3372,blue,false,right,43,50,right,blue,674,0
C40526,82,463167.37500000093,0,0,3372,blue,false,left,50,47,left,blue,463,0
C40526,83,466147.9149999977,1,35,3337,blue,true,left,41,35,left,blue,628,0
C40526,84,469299.5499999997,0,0,3337,blue,false,right,9,62,right,blue,683,0
C40526,85,472502.99000000086,0,0,3337,blue,false,left,60,58,left,blue,669,0
C40526,86,475692.6849999982,0,0,3337,blue,false,left,88,31,left,blue,535,0
C40526,87,478752.0750000003,0,0,3337,blue,false,left,56,44,left,blue,477,0
C40526,88,481749.5600000002,1,15,3322,blue,true,right,31,15,right,blue,744,0
C40526,89,485017.4799999986,1,90,3232,blue,false,right,90,31,left,orange,587,0
C40526,90,488132.5749999996,0,0,3232,blue,false,right,80,76,right,blue,411,0
C40526,91,491064.6149999993,0,0,3232,blue,false,right,78,4,right,blue,408,0
C40526,92,493997.0649999996,0,0,3232,blue,false,left,60,28,left,blue,513,0
C40526,93,497033.67499999877,1,99,3133,blue,true,left,56,99,left,blue,504,0
C40526,94,504068.12999999966,1,31,3102,blue,false,left,31,45,right,orange,1864,0
C40526,95,508458.0099999985,0,0,3102,blue,false,right,55,16,right,blue,507,0
C40526,96,511484.0249999979,1,89,3013,blue,true,right,12,89,right,blue,396,0
C40526,97,514414.464999998,0,0,3013,blue,false,left,49,4,left,blue,679,0
C40526,98,517613.0749999975,0,0,3013,blue,false,right,69,12,right,blue,472,0
C40526,99,520602.00500000064,1,26,2987,blue,true,right,49,26,right,blue,388,0
C40526,100,523513.1000000001,0,0,2987,blue,false,right,75,76,right,blue,433,0
C40526,101,526465.2999999998,0,0,2987,blue,false,left,22,90,left,blue,814,0
C40526,102,529801.1349999979,1,23,2964,blue,true,right,26,23,right,blue,432,0
C40526,103,532763.4849999995,0,0,2964,blue,false,left,11,68,left,blue,455,0
C40526,104,535736.9450000005,1,82,2882,blue,true,left,71,82,left,blue,515,0
C40526,105,538778.4150000007,0,0,2882,blue,false,right,86,95,right,blue,466,0
C40526,106,541763.0800000007,0,0,2882,blue,false,right,79,88,right,blue,569,0
C40526,107,544851.6849999978,0,0,2882,blue,false,left,75,40,left,blue,566,0
C40526,108,547935.7449999988,0,0,2882,blue,false,left,11,94,left,blue,510,0
C40526,109,550965.264999999,1,44,2838,blue,true,left,53,44,left,blue,427,0
C40526,110,553919.21,1,85,2753,blue,false,left,85,17,right,orange,413,0
C40526,111,556854.8100000008,1,32,2721,blue,true,right,85,32,right,blue,494,0
C40526,112,559875.3149999975,0,0,2721,blue,false,left,38,68,left,blue,1871,0
C40526,113,564266.929999998,0,0,2721,blue,false,right,28,93,right,blue,615,0
C40526,114,567403.7449999996,0,0,2721,blue,false,right,13,95,right,blue,536,0
C40526,115,570461.0499999981,0,0,2721,blue,false,left,69,60,left,blue,547,0
C40526,116,573524.8800000008,1,95,2626,blue,true,left,56,95,left,blue,519,0
C40526,117,576572.5199999979,0,0,2626,blue,false,right,2,41,right,blue,456,0
C40526,118,579547.0600000008,0,0,2626,blue,false,right,42,5,right,blue,512,0
C40526,119,582583.415000001,0,0,2626,blue,false,right,44,30,right,blue,417,0
C40526,120,585516.9349999996,0,0,2626,blue,false,left,79,4,left,blue,573,0
C40526,121,588611.2599999979,0,0,2626,blue,false,left,83,87,left,blue,672,0
C40526,122,591805.6350000006,0,0,2626,blue,false,right,59,44,right,blue,540,0
C40526,123,594863.7600000002,1,10,2616,blue,true,right,15,10,right,blue,498,0
C40526,124,597882.6750000007,0,0,2616,blue,false,left,60,15,left,blue,469,0
C40526,125,600870.5349999982,0,0,2616,blue,false,right,73,25,right,blue,533,0
C40526,126,603923.8599999989,0,0,2616,blue,false,right,43,23,right,blue,499,0
C40526,127,606940.9950000008,0,0,2616,blue,false,left,22,87,left,blue,472,0
C40526,128,609932.0750000007,1,77,2539,blue,true,left,27,77,left,blue,496,0
C40526,129,612955.8450000004,0,0,2539,blue,false,left,99,35,left,blue,777,0
C40526,130,616253.2949999986,1,39,2500,blue,true,right,49,39,right,blue,493,0
C40526,131,619279.054999999,0,0,2500,blue,false,right,83,60,right,blue,636,0
C40526,132,622436.0649999981,1,54,2446,blue,true,left,61,54,left,blue,577,0
C40526,133,625537.1799999994,0,0,2446,blue,false,right,82,34,right,blue,509,0
C40526,134,628570.2700000001,0,0,2446,blue,false,left,96,86,left,blue,541,0
C40526,135,631631.5049999976,0,0,2446,blue,false,left,65,27,left,blue,514,0
C40526,136,634664.5599999975,0,0,2446,blue,false,right,63,93,right,blue,623,0
C40526,137,637808.0249999985,0,0,2446,blue,false,right,65,40,right,blue,458,0
C40526,138,640786.1049999993,0,0,2446,blue,false,left,7,69,left,blue,645,0
C40526,139,643949.9699999979,1,28,2418,blue,true,left,94,28,left,blue,474,0
C40526,140,646949.8449999992,0,0,2418,blue,false,left,90,4,left,blue,562,0
