Quiz_round,2,RESULT:,-,allCorrect
num_trial,optionsPresented_time,outcome,loss_amount,running_total,anchor_stim,blue_aversive,blue_side,amount_orange,amount_blue,chosen_side,chosen_color,response_time,trial_repeat_count
C40724,1,106034.69999998808,1,10,4990,blue,true,left,23,10,left,blue,887,0
C40724,2,109463.80000001192,0,0,4990,blue,true,right,45,97,left,orange,1020,0
C40724,3,113012.90000003576,0,0,4990,blue,true,right,54,62,left,orange,694,0
C40724,4,116236.80000001192,0,0,4990,blue,false,right,99,16,right,blue,916,0
C40724,5,119684,1,40,4950,blue,true,left,72,40,left,blue,1010,0
C40724,6,123227,1,88,4862,blue,true,right,98,88,right,blue,2230,0
C40724,7,127993.40000003576,0,0,4862,blue,true,left,6,54,right,orange,1242,0
C40724,8,131766.69999998808,0,0,4862,blue,true,left,64,55,right,orange,1060,0
C40724,9,135362.69999998808,0,0,4862,blue,false,left,96,45,left,blue,1612,0
C40724,10,139508.60000002384,1,19,4843,blue,true,right,28,19,right,blue,1137,0
C40724,11,143182.40000003576,1,26,4817,blue,true,left,95,26,left,blue,1274,0
C40724,12,146993.5,0,0,4817,blue,true,left,90,29,right,orange,1508,0
C40724,13,151029.40000003576,0,0,4817,blue,true,right,20,53,left,orange,471,0
C40724,14,154032.60000002384,0,0,4817,blue,true,right,74,56,left,orange,776,0
C40724,15,157343.90000003576,0,0,4817,blue,true,left,18,42,right,orange,850,0
C40724,16,160721.30000001192,0,0,4817,blue,true,right,11,91,left,orange,668,0
C40724,17,163919.30000001192,1,32,4785,blue,false,left,32,31,right,orange,705,0
C40724,18,167163.90000003576,0,0,4785,blue,true,left,36,65,right,orange,1052,0
C40724,19,170748.5,1,40,4745,blue,false,right,40,30,left,orange,1348,0
C40724,20,174633.10000002384,1,26,4719,blue,true,left,29,26,left,blue,1524,0
C40724,21,178688.40000003576,1,32,4687,blue,false,left,32,36,right,orange,531,0
C40724,22,181756.60000002384,0,0,4687,blue,true,right,72,81,left,orange,1113,0
C40724,23,185397.10000002384,1,95,4592,blue,false,right,95,54,left,orange,1070,0
C40724,24,189008.30000001192,0,0,4592,blue,false,right,40,59,right,blue,690,0
C40724,25,192227.40000003576,0,0,4592,blue,false,left,29,24,left,blue,558,0
C40724,26,195320,0,0,4592,blue,false,right,60,51,right,blue,718,0
C40724,27,198562.90000003576,0,0,4592,blue,false,right,83,65,right,blue,927,0
C40724,28,202022,1,98,4494,blue,true,right,78,98,right,blue,1490,0
C40724,29,206047.10000002384,1,56,4438,blue,false,right,56,51,left,orange,649,0
C40724,30,209241.90000003576,1,5,4433,blue,false,right,5,20,left,orange,51,0
C40724,31,211829.19999998808,0,0,4433,blue,false,right,67,2,right,blue,379,0
C40724,32,214736.5,0,0,4433,blue,false,right,85,84,right,blue,288,0
C40724,33,217554.10000002384,1,49,4384,blue,true,right,7,49,right,blue,851,0
C40724,34,220943.60000002384,1,37,4347,blue,false,left,37,47,right,orange,662,0
C40724,35,224143.40000003576,0,0,4347,blue,false,left,27,91,left,blue,512,0
C40724,36,227181.69999998808,0,0,4347,blue,false,right,44,42,right,blue,547,0
C40724,37,230251.10000002384,1,55,4292,blue,true,right,31,55,right,blue,819,0
C40724,38,233613.19999998808,0,0,4292,blue,false,right,97,70,right,blue,970,0
C40724,39,242638.5,1,14,4278,blue,false,right,14,9,left,orange,2152,1
C40724,40,247327.10000002384,1,51,4227,blue,true,left,23,51,left,blue,589,0
C40724,41,250447.19999998808,0,0,4227,blue,true,left,89,79,right,orange,388,0
C40724,42,253364.40000003576,0,0,4227,blue,true,right,83,86,left,orange,832,0
C40724,43,256730.5,0,0,4227,blue,true,right,40,62,left,orange,539,0
C40724,44,259800.90000003576,0,0,4227,blue,true,left,36,23,right,orange,518,0
C40724,45,262850.3000000119,0,0,4227,blue,true,left,65,61,right,orange,638,0
C40724,46,266020.6999999881,0,0,4227,blue,true,left,74,67,right,orange,807,0
C40724,47,269361.8000000119,0,0,4227,blue,true,right,73,41,left,orange,459,0
C40724,48,276355.8000000119,0,0,4227,blue,false,right,96,54,right,blue,854,0
C40724,49,279737.60000002384,1,88,4139,blue,true,right,86,88,right,blue,546,0
C40724,50,282816.1999999881,1,66,4073,blue,true,left,43,66,left,blue,561,0
C40724,51,285913,0,0,4073,blue,true,right,72,79,left,orange,1890,0
C40724,52,290334.5,0,0,4073,blue,false,left,71,13,left,blue,796,0
C40724,53,293657,1,53,4020,blue,true,right,78,53,right,blue,1225,0
C40724,54,297418.3000000119,1,90,3930,blue,true,right,57,90,right,blue,563,0
C40724,55,300516.60000002384,1,3,3927,blue,false,right,3,12,left,orange,1012,0
C40724,56,304064.90000003576,0,0,3927,blue,true,right,2,64,left,orange,3322,0
C40724,57,309915,1,9,3918,blue,true,right,99,9,right,blue,800,0
C40724,58,313251.8000000119,0,0,3918,blue,true,right,21,42,left,orange,1686,0
C40724,59,317466.3000000119,1,72,3846,blue,true,left,83,72,left,blue,1717,0
C40724,60,321720.60000002384,1,11,3835,blue,true,right,37,11,right,blue,806,0
C40724,61,325060,0,0,3835,blue,false,left,67,81,left,blue,647,0
C40724,62,328239.3000000119,0,0,3835,blue,true,right,12,14,left,orange,3047,0
C40724,63,333813.1999999881,1,78,3757,blue,false,right,78,90,left,orange,885,0
C40724,64,337233.40000003576,0,0,3757,blue,false,left,46,53,left,blue,562,0
C40724,65,340324.90000003576,1,30,3727,blue,false,right,30,42,left,orange,599,0
C40724,66,343459,1,36,3691,blue,false,right,36,65,left,orange,990,0
C40724,67,346985.8000000119,0,0,3691,blue,false,right,49,49,right,blue,576,0
C40724,68,350092.60000002384,0,0,3691,blue,false,left,44,10,left,blue,562,0
C40724,69,353186.8000000119,0,0,3691,blue,false,right,70,64,right,blue,686,0
C40724,70,356398.60000002384,0,0,3691,blue,false,left,68,95,left,blue,702,0
C40724,71,359638.60000002384,1,38,3653,blue,false,right,38,46,left,orange,798,0
C40724,72,362975.10000002384,1,18,3635,blue,false,right,18,24,left,orange,749,0
C40724,73,366261.3000000119,0,0,3635,blue,false,right,82,78,right,blue,558,0
C40724,74,369349,0,0,3635,blue,false,right,59,54,right,blue,778,0
C40724,75,372660.3000000119,0,0,3635,blue,false,left,36,33,left,blue,626,0
C40724,76,375817.5,1,56,3579,blue,true,left,49,56,left,blue,577,0
C40724,77,378925.3000000119,0,0,3579,blue,false,left,26,83,left,blue,693,0
C40724,78,382146.5,1,38,3541,blue,false,left,38,81,right,orange,861,0
C40724,79,385542.90000003576,0,0,3541,blue,false,right,12,3,right,blue,614,0
C40724,80,388690.90000003576,0,0,3541,blue,false,left,62,38,left,blue,590,0
C40724,81,391810,0,0,3541,blue,false,left,43,50,left,blue,664,0
C40724,82,395003.8000000119,0,0,3541,blue,false,left,50,47,left,blue,536,0
C40724,83,398065.40000003576,1,35,3506,blue,true,left,41,35,left,blue,552,0
C40724,84,401154,1,9,3497,blue,false,right,9,62,left,orange,637,0
C40724,85,404326.90000003576,1,60,3437,blue,false,left,60,58,right,orange,738,0
C40724,86,407596.60000002384,0,0,3437,blue,false,right,88,31,right,blue,629,0
C40724,87,410756.3000000119,0,0,3437,blue,false,left,56,44,left,blue,1429,0
C40724,88,414712,1,15,3422,blue,true,right,31,15,right,blue,963,0
C40724,89,418210.10000002384,1,90,3332,blue,false,left,90,31,right,orange,1571,0
C40724,90,422316.6999999881,1,80,3252,blue,false,right,80,76,left,orange,1614,0
C40724,91,426462.90000003576,0,0,3252,blue,false,left,78,4,left,blue,786,0
C40724,92,429777.40000003576,0,0,3252,blue,false,left,60,28,left,blue,684,0
C40724,93,432987.90000003576,1,99,3153,blue,true,right,56,99,right,blue,675,0
C40724,94,440204.1999999881,1,31,3122,blue,false,right,31,45,left,orange,964,0
C40724,95,443698.8000000119,1,55,3067,blue,false,left,55,16,right,orange,2868,0
C40724,96,449101.90000003576,0,0,3067,blue,true,left,12,89,right,orange,1010,0
C40724,97,452641.90000003576,0,0,3067,blue,false,right,49,4,right,blue,1005,0
C40724,98,456177,0,0,3067,blue,false,left,69,12,left,blue,873,0
C40724,99,459580.5,1,26,3041,blue,true,left,49,26,left,blue,1335,0
C40724,100,463457.8000000119,1,75,2966,blue,false,right,75,76,left,orange,1298,0
C40724,101,467295.6999999881,1,22,2944,blue,false,right,22,90,left,orange,2423,0
C40724,102,472254,1,23,2921,blue,true,right,26,23,right,blue,858,0
C40724,103,475646.1999999881,0,0,2921,blue,false,left,11,68,left,blue,1160,0
C40724,104,479336.10000002384,1,82,2839,blue,true,right,71,82,right,blue,948,0
C40724,105,482812.90000003576,0,0,2839,blue,false,right,86,95,right,blue,1838,0
C40724,106,487178.10000002384,0,0,2839,blue,false,right,79,88,right,blue,594,0
C40724,107,490302.1999999881,0,0,2839,blue,false,right,75,40,right,blue,667,0
C40724,108,493499.1999999881,0,0,2839,blue,false,left,11,94,left,blue,1221,0
C40724,109,497247.1999999881,1,44,2795,blue,true,left,53,44,left,blue,2105,0
C40724,110,501883,0,0,2795,blue,false,left,85,17,left,blue,778,0
C40724,111,505192.60000002384,1,32,2763,blue,true,left,85,32,left,blue,980,0
C40724,112,508702.90000003576,1,38,2725,blue,false,left,38,68,right,orange,3971,0
C40724,113,515210.8000000119,0,0,2725,blue,false,left,28,93,left,blue,1302,0
C40724,114,519043.5,1,13,2712,blue,false,right,13,95,left,orange,744,0
C40724,115,522324.40000003576,1,69,2643,blue,false,left,69,60,right,orange,1145,0
C40724,116,526005.1000000238,0,0,2643,blue,true,right,56,95,left,orange,2060,0
C40724,117,530595.1000000238,1,2,2641,blue,false,right,2,41,left,orange,674,0
C40724,118,533803.4000000358,0,0,2641,blue,false,right,42,5,right,blue,766,0
C40724,119,537099,0,0,2641,blue,false,left,44,30,left,blue,666,0
C40724,120,540294.4000000358,0,0,2641,blue,false,right,79,4,right,blue,691,0
C40724,121,543509.6999999881,0,0,2641,blue,false,right,83,87,right,blue,1203,0
C40724,122,547241.6999999881,0,0,2641,blue,false,right,59,44,right,blue,1145,0
C40724,123,550912.6999999881,0,0,2641,blue,true,right,15,10,left,orange,519,0
C40724,124,553961.9000000358,1,60,2581,blue,false,right,60,15,left,orange,677,0
C40724,125,557182.4000000358,0,0,2581,blue,false,left,73,25,left,blue,536,0
C40724,126,560245.6999999881,0,0,2581,blue,false,right,43,23,right,blue,613,0
C40724,127,563387.5,0,0,2581,blue,false,left,22,87,left,blue,899,0
C40724,128,566814,1,77,2504,blue,true,right,27,77,right,blue,619,0
C40724,129,569972.9000000358,0,0,2504,blue,false,left,99,35,left,blue,473,0
C40724,130,572976.9000000358,1,39,2465,blue,true,left,49,39,left,blue,741,0
C40724,131,576258.1999999881,0,0,2465,blue,false,left,83,60,left,blue,574,0
C40724,132,579364.8000000119,0,0,2465,blue,true,right,61,54,left,orange,830,0
C40724,133,582724.5,0,0,2465,blue,false,left,82,34,left,blue,723,0
C40724,134,585977.1000000238,0,0,2465,blue,false,right,96,86,right,blue,976,0
C40724,135,589483.9000000358,0,0,2465,blue,false,right,65,27,right,blue,741,0
C40724,136,592752.6000000238,1,63,2402,blue,false,left,63,93,right,orange,1185,0
C40724,137,596468.6999999881,0,0,2402,blue,false,right,65,40,right,blue,731,0
C40724,138,599731.3000000119,1,7,2395,blue,false,left,7,69,right,orange,876,0
C40724,139,603145.3000000119,1,28,2367,blue,true,left,94,28,left,blue,631,0
C40724,140,606312.5,0,0,2367,blue,false,right,90,4,right,blue,637,0
