Quiz_round,2,RESULT:,NumberGoodness,Incorrect
num_trial,optionsPresented_time,outcome,loss_amount,running_total,anchor_stim,blue_aversive,blue_side,amount_orange,amount_blue,chosen_side,chosen_color,response_time,trial_repeat_count
C41025,1,99737.29999998212,0,0,5000,blue,true,right,44,37,left,orange,2426,0
C41025,2,104690.69999998808,1,12,4988,blue,true,left,66,12,left,blue,303,0
C41025,3,107521.09999999404,0,0,4988,blue,true,left,98,9,right,orange,364,0
C41025,4,110414.39999997616,1,20,4968,blue,false,right,20,91,left,orange,324,0
C41025,5,113274.5,0,0,4968,blue,true,right,28,8,left,orange,699,0
C41025,6,116490,0,0,4968,blue,true,left,30,33,right,orange,244,0
C41025,7,119265,1,24,4944,blue,true,left,27,24,left,blue,268,0
C41025,8,122065.5,0,0,4944,blue,false,right,58,43,right,blue,207,0
C41025,9,124793.19999998808,0,0,4944,blue,true,right,72,47,left,orange,374,0
C41025,10,127696.5,0,0,4944,blue,false,right,44,44,right,blue,227,0
C41025,11,130440.09999999404,0,0,4944,blue,true,right,69,26,left,orange,239,0
C41025,12,133205.59999999404,1,41,4903,blue,true,right,6,41,right,blue,253,0
C41025,13,136005.79999998212,1,34,4869,blue,true,left,88,34,left,blue,614,0
C41025,14,139146.69999998808,0,0,4869,blue,false,left,73,18,left,blue,431,0
C41025,15,142098.89999997616,1,25,4844,blue,true,right,60,25,right,blue,383,0
C41025,16,145022.69999998808,0,0,4844,blue,true,left,68,6,right,orange,612,0
C41025,17,148161.59999999404,1,48,4796,blue,false,left,48,39,right,orange,299,0
C41025,18,150989.69999998808,0,0,4796,blue,true,right,35,76,left,orange,538,0
C41025,19,154055.69999998808,0,0,4796,blue,true,left,23,85,right,orange,647,0
C41025,20,157222.79999998212,1,22,4774,blue,true,right,54,22,right,blue,345,0
C41025,21,160104.5,1,66,4708,blue,false,right,66,58,left,orange,298,0
C41025,22,162936.29999998212,1,41,4667,blue,true,right,98,41,right,blue,247,0
C41025,23,165726.59999999404,1,80,4587,blue,true,left,58,80,left,blue,79,0
C41025,24,168339.59999999404,1,85,4502,blue,true,right,32,85,right,blue,222,0
C41025,25,171084.09999999404,1,83,4419,blue,false,left,83,15,right,orange,8,0
C41025,26,173616.5,0,0,4419,blue,true,left,18,16,right,orange,203,0
C41025,27,176346.19999998808,0,0,4419,blue,true,right,56,99,left,orange,595,0
C41025,28,179473.5,1,75,4344,blue,true,left,23,75,left,blue,210,0
C41025,29,182203.79999998212,0,0,4344,blue,true,left,68,18,right,orange,328,0
C41025,30,185052.39999997616,1,16,4328,blue,true,right,30,16,right,blue,673,0
C41025,31,188245.39999997616,1,37,4291,blue,true,right,86,37,right,blue,902,0
C41025,32,191688.09999999404,0,0,4291,blue,true,right,47,44,left,orange,263,0
C41025,33,194469.29999998212,0,0,4291,blue,true,left,3,91,right,orange,231,0
C41025,34,197235.19999998808,1,60,4231,blue,false,right,60,14,left,orange,255,0
C41025,35,200030.89999997616,1,84,4147,blue,true,right,54,84,right,blue,255,0
C41025,36,202806.29999998212,1,23,4124,blue,true,left,34,23,left,blue,151,0
C41025,37,205484.29999998212,1,28,4096,blue,true,left,96,28,left,blue,199,0
C41025,38,208218.89999997616,0,0,4096,blue,false,right,83,94,right,blue,246,0
C41025,39,210997.59999999404,0,0,4096,blue,true,left,63,86,right,orange,288,0
C41025,40,213812.59999999404,0,0,4096,blue,true,left,99,53,right,orange,473,0
C41025,41,216827.89999997616,0,0,4096,blue,true,right,29,91,left,orange,607,0
C41025,42,219965.19999998808,0,0,4096,blue,true,right,88,64,left,orange,421,0
C41025,43,222906.5,0,0,4096,blue,true,right,84,70,left,orange,420,0
C41025,44,225848.29999998212,0,0,4096,blue,false,left,61,88,left,blue,889,0
C41025,45,229262.19999998808,0,0,4096,blue,true,right,61,43,left,orange,219,0
C41025,46,232013.59999999404,1,54,4042,blue,true,left,87,54,left,blue,252,0
C41025,47,234789.59999999404,0,0,4042,blue,false,right,5,90,right,blue,363,0
C41025,48,241697.59999999404,1,44,3998,blue,true,right,71,44,right,blue,1273,0
C41025,49,245499.19999998808,1,52,3946,blue,true,left,42,52,left,blue,660,0
C41025,50,248695.39999997616,0,0,3946,blue,true,left,39,93,right,orange,437,0
C41025,51,251660.29999998212,0,0,3946,blue,true,left,39,24,right,orange,425,0
C41025,52,254606.5,1,20,3926,blue,false,right,20,10,left,orange,358,0
C41025,53,257508.19999998808,1,85,3841,blue,false,right,85,43,left,orange,271,0
C41025,54,260310.19999998808,0,0,3841,blue,false,right,77,7,right,blue,381,0
C41025,55,263217.2999999821,0,0,3841,blue,true,left,95,90,right,orange,391,0
C41025,56,266132.2999999821,1,7,3834,blue,true,right,56,7,right,blue,885,0
C41025,57,269542.39999997616,1,69,3765,blue,true,right,50,69,right,blue,207,0
C41025,58,272289.7999999821,0,0,3765,blue,true,right,4,83,left,orange,231,0
C41025,59,275051.1999999881,1,40,3725,blue,false,right,40,8,left,orange,394,0
C41025,60,277988.5,1,86,3639,blue,true,right,47,86,right,blue,385,0
C41025,61,280896.89999997616,1,49,3590,blue,true,left,15,49,left,blue,245,0
C41025,62,283678.6999999881,0,0,3590,blue,true,right,17,39,left,orange,225,0
C41025,63,286421.39999997616,0,0,3590,blue,false,left,76,97,left,blue,141,0
C41025,64,289085.6999999881,0,0,3590,blue,true,right,73,14,left,orange,227,0
C41025,65,291831.59999999404,0,0,3590,blue,true,right,67,29,left,orange,300,0
C41025,66,294652.7999999821,1,39,3551,blue,true,left,48,39,left,blue,272,0
C41025,67,297462.09999999404,1,99,3452,blue,true,right,30,99,right,blue,203,0
C41025,68,300198,0,0,3452,blue,false,left,13,20,left,blue,219,0
C41025,69,302942.5,0,0,3452,blue,true,right,66,59,left,orange,238,0
C41025,70,305702.59999999404,1,60,3392,blue,true,left,20,60,left,blue,252,0
C41025,71,308480.39999997616,1,25,3367,blue,true,right,41,25,right,blue,196,0
C41025,72,311202.09999999404,1,76,3291,blue,false,right,76,70,left,orange,90,0
C41025,73,313821,1,73,3218,blue,false,right,73,18,left,orange,166,0
C41025,74,316524.39999997616,1,41,3177,blue,false,left,41,80,right,orange,158,0
C41025,75,319226.89999997616,1,76,3101,blue,true,right,25,76,right,blue,291,0
C41025,76,322047.59999999404,1,34,3067,blue,false,left,34,52,right,orange,347,0
C41025,77,324917.7999999821,0,0,3067,blue,false,left,30,60,left,blue,211,0
C41025,78,327641.7999999821,0,0,3067,blue,false,left,91,36,left,blue,202,0
C41025,79,330365.1999999881,1,70,2997,blue,false,right,70,59,left,orange,94,0
C41025,80,332999.89999997616,1,47,2950,blue,true,right,64,47,right,blue,74,0
C41025,81,335598,0,0,2950,blue,false,left,28,44,left,blue,226,0
C41025,82,338351.89999997616,0,0,2950,blue,false,left,2,80,left,blue,214,0
C41025,83,341089.5,0,0,2950,blue,false,left,20,39,left,blue,232,0
C41025,84,343857.5,1,32,2918,blue,false,left,32,61,right,orange,28,0
C41025,85,346424.09999999404,0,0,2918,blue,false,right,90,61,right,blue,134,0
C41025,86,349088.39999997616,0,0,2918,blue,true,left,62,70,right,orange,228,0
C41025,87,351849.59999999404,0,0,2918,blue,false,right,17,33,right,blue,247,0
C41025,88,354626.1999999881,1,74,2844,blue,false,left,74,17,right,orange,221,0
C41025,89,357371.89999997616,0,0,2844,blue,false,left,2,85,left,blue,95,0
C41025,90,359984.59999999404,0,0,2844,blue,false,left,39,76,left,blue,377,0
C41025,91,362879.89999997616,0,0,2844,blue,false,left,70,20,left,blue,535,0
C41025,92,365936.2999999821,0,0,2844,blue,true,right,24,69,left,orange,52,0
C41025,93,368525,0,0,2844,blue,true,right,59,52,left,orange,219,0
C41025,94,375274.59999999404,0,0,2844,blue,false,left,15,43,left,blue,414,0
C41025,95,378209.7999999821,0,0,2844,blue,true,right,50,34,left,orange,271,0
C41025,96,381005.7999999821,0,0,2844,blue,false,left,43,48,left,blue,325,0
C41025,97,383861.6999999881,1,35,2809,blue,true,left,14,35,left,blue,259,0
C41025,98,386649.2999999821,1,42,2767,blue,true,right,12,42,right,blue,187,0
C41025,99,389356.2999999821,0,0,2767,blue,true,right,40,44,left,orange,214,0
C41025,100,392096.09999999404,0,0,2767,blue,true,right,88,50,left,orange,122,0
C41025,101,394748.6999999881,0,0,2767,blue,true,right,51,19,left,orange,199,0
C41025,102,397470.7999999821,1,59,2708,blue,true,right,44,59,right,blue,207,0
C41025,103,400208.7999999821,1,9,2699,blue,true,left,23,9,left,blue,576,0
C41025,104,403326.5,1,76,2623,blue,true,right,23,76,right,blue,264,0
C41025,105,406114.2999999821,0,0,2623,blue,true,right,94,47,left,orange,412,0
C41025,106,409048.5,1,67,2556,blue,false,left,67,56,right,orange,455,0
C41025,107,412046,1,16,2540,blue,true,left,50,16,left,blue,255,0
C41025,108,414838.39999997616,0,0,2540,blue,true,left,83,7,right,orange,359,0
C41025,109,417738.09999999404,0,0,2540,blue,true,right,86,41,left,orange,674,0
C41025,110,420931.2999999821,0,0,2540,blue,true,left,61,37,right,orange,416,0
C41025,111,423885.09999999404,1,82,2458,blue,false,left,82,57,right,orange,452,0
C41025,112,426873.39999997616,0,0,2458,blue,false,right,68,28,right,blue,809,0
C41025,113,430213,0,0,2458,blue,false,left,65,76,left,blue,759,0
C41025,114,433499.89999997616,0,0,2458,blue,false,right,25,19,right,blue,356,0
C41025,115,436387.59999999404,0,0,2458,blue,false,right,67,68,right,blue,376,0
C41025,116,439285.6999999881,0,0,2458,blue,false,left,82,68,left,blue,363,0
C41025,117,442186.89999997616,0,0,2458,blue,false,right,88,19,right,blue,377,0
C41025,118,445082.89999997616,1,11,2447,blue,true,left,55,11,left,blue,366,0
C41025,119,447972.1999999881,1,36,2411,blue,true,right,74,36,right,blue,382,0
C41025,120,450888.7999999821,1,18,2393,blue,false,right,18,64,left,orange,373,0
C41025,121,453781,0,0,2393,blue,false,right,15,3,right,blue,264,0
C41025,122,456574.39999997616,0,0,2393,blue,false,right,91,76,right,blue,366,0
C41025,123,459463.6999999881,0,0,2393,blue,false,left,66,92,left,blue,1535,0
C41025,124,463517.1999999881,0,0,2393,blue,false,left,67,14,left,blue,1120,0
C41025,125,467170.89999997616,1,77,2316,blue,true,right,11,77,right,blue,336,0
C41025,126,470044.39999997616,1,36,2280,blue,false,left,36,20,right,orange,348,0
C41025,127,472938.89999997616,1,44,2236,blue,false,left,44,61,right,orange,551,0
C41025,128,476015.7999999821,1,4,2232,blue,false,right,4,34,left,orange,900,0
C41025,129,479446.89999997616,0,0,2232,blue,false,left,86,63,left,blue,388,0
C41025,130,482370.09999999404,0,0,2232,blue,false,right,99,43,right,blue,328,0
C41025,131,485230.89999997616,1,56,2176,blue,true,left,95,56,left,blue,293,0
C41025,132,488046.6999999881,0,0,2176,blue,false,left,89,63,left,blue,244,0
C41025,133,490817.39999997616,1,80,2096,blue,true,right,88,80,right,blue,482,0
C41025,134,493822.39999997616,1,5,2091,blue,false,right,5,10,left,orange,131,0
C41025,135,496482.39999997616,0,0,2091,blue,true,left,35,80,right,orange,133,0
C41025,136,499133.1999999881,0,0,2091,blue,true,right,8,57,left,orange,999,0
C41025,137,502651.1999999881,0,0,2091,blue,true,right,78,47,left,orange,364,0
C41025,138,505542.1999999881,1,99,1992,blue,true,left,5,99,left,blue,241,0
C41025,139,508328.6999999881,0,0,1992,blue,true,right,62,67,left,orange,28,0
C41025,140,510885.2999999821,1,95,1897,blue,false,left,95,27,right,orange,318,0
