Quiz_round,2,RESULT:,-,allCorrect
num_trial,optionsPresented_time,outcome,loss_amount,running_total,anchor_stim,blue_aversive,blue_side,amount_orange,amount_blue,chosen_side,chosen_color,response_time,trial_repeat_count
C41137,1,193457.5,1,37,4963,blue,true,right,44,37,right,blue,1898,0
C41137,2,197893.30000000005,1,12,4951,blue,true,left,66,12,left,blue,867,0
C41137,3,201294.30000000005,0,0,4951,blue,true,left,98,9,right,orange,481,0
C41137,4,204308.19999999995,1,20,4931,blue,false,right,20,91,left,orange,702,0
C41137,5,207545.80000000005,1,8,4923,blue,true,left,28,8,left,blue,371,0
C41137,6,210452.30000000005,0,0,4923,blue,true,right,30,33,left,orange,1078,0
C41137,7,214060,0,0,4923,blue,true,right,27,24,left,orange,514,0
C41137,8,217108.19999999995,0,0,4923,blue,false,left,58,43,left,blue,1271,0
C41137,9,220910.69999999995,0,0,4923,blue,true,left,72,47,right,orange,2323,0
C41137,10,225770.30000000005,1,44,4879,blue,false,left,44,44,right,orange,538,0
C41137,11,228849.40000000014,0,0,4879,blue,true,left,69,26,right,orange,600,0
C41137,12,231979.80000000005,0,0,4879,blue,true,right,6,41,left,orange,1735,0
C41137,13,236242.90000000014,0,0,4879,blue,true,left,88,34,right,orange,495,0
C41137,14,239265.40000000014,0,0,4879,blue,false,right,73,18,right,blue,1088,0
C41137,15,242882.5,0,0,4879,blue,true,right,60,25,left,orange,821,0
C41137,16,246230.69999999995,0,0,4879,blue,true,left,68,6,right,orange,444,0
C41137,17,249203.6000000001,1,48,4831,blue,false,right,48,39,left,orange,735,0
C41137,18,252477,0,0,4831,blue,true,left,35,76,right,orange,467,0
C41137,19,255472.69999999995,0,0,4831,blue,true,left,23,85,right,orange,415,0
C41137,20,258412.6000000001,0,0,4831,blue,true,left,54,22,right,orange,467,0
C41137,21,261411.6000000001,1,66,4765,blue,false,left,66,58,right,orange,472,0
C41137,22,264417.30000000005,0,0,4765,blue,true,left,98,41,right,orange,725,0
C41137,23,267675.30000000005,0,0,4765,blue,true,left,58,80,right,orange,435,0
C41137,24,270643.40000000014,0,0,4765,blue,true,right,32,85,left,orange,473,0
C41137,25,273647.90000000014,1,83,4682,blue,false,left,83,15,right,orange,497,0
C41137,26,276679.40000000014,0,0,4682,blue,true,right,18,16,left,orange,461,0
C41137,27,279672.19999999995,1,99,4583,blue,true,left,56,99,left,blue,773,0
C41137,28,282980.30000000005,0,0,4583,blue,true,right,23,75,left,orange,646,0
C41137,29,286156.30000000005,0,0,4583,blue,true,left,68,18,right,orange,1456,0
C41137,30,290138.1000000001,0,0,4583,blue,true,right,30,16,left,orange,422,0
C41137,31,293092.1000000001,1,37,4546,blue,true,left,86,37,left,blue,1164,0
C41137,32,296796.19999999995,0,0,4546,blue,true,left,47,44,right,orange,466,0
C41137,33,299791.19999999995,0,0,4546,blue,true,right,3,91,left,orange,348,0
C41137,34,302672.1000000001,1,60,4486,blue,false,left,60,14,right,orange,389,0
C41137,35,305595.6000000001,0,0,4486,blue,true,right,54,84,left,orange,373,0
C41137,36,308497.5,0,0,4486,blue,true,right,34,23,left,orange,553,0
C41137,37,311580.90000000014,0,0,4486,blue,true,right,96,28,left,orange,515,0
C41137,38,314622.1000000001,1,83,4403,blue,false,right,83,94,left,orange,388,0
C41137,39,317544.5,0,0,4403,blue,true,right,63,86,left,orange,493,0
C41137,40,320570.90000000014,0,0,4403,blue,true,left,99,53,right,orange,417,0
C41137,41,323519.19999999995,1,91,4312,blue,true,left,29,91,left,blue,428,0
C41137,42,326486.40000000014,1,64,4248,blue,true,left,88,64,left,blue,362,0
C41137,43,329381.90000000014,0,0,4248,blue,true,left,84,70,right,orange,364,0
C41137,44,332270.40000000014,1,61,4187,blue,false,left,61,88,right,orange,519,0
C41137,45,335324.80000000005,0,0,4187,blue,true,right,61,43,left,orange,648,0
C41137,46,338503,0,0,4187,blue,true,left,87,54,right,orange,666,0
C41137,47,341699.40000000014,1,5,4182,blue,false,right,5,90,left,orange,481,0
C41137,48,348726.1000000001,0,0,4182,blue,true,right,71,44,left,orange,784,0
C41137,49,352028.80000000005,0,0,4182,blue,true,right,42,52,left,orange,724,0
C41137,50,355275.5,0,0,4182,blue,true,right,39,93,left,orange,504,0
C41137,51,358306.19999999995,0,0,4182,blue,true,right,39,24,left,orange,421,0
C41137,52,361260.69999999995,1,20,4162,blue,false,left,20,10,right,orange,953,0
C41137,53,364740.19999999995,1,85,4077,blue,false,right,85,43,left,orange,438,0
C41137,54,367708.5,1,77,4000,blue,false,left,77,7,right,orange,388,0
C41137,55,370625.5,0,0,4000,blue,true,left,95,90,right,orange,833,0
C41137,56,373987.90000000014,0,0,4000,blue,true,right,56,7,left,orange,506,0
C41137,57,377019.6000000001,0,0,4000,blue,true,right,50,69,left,orange,543,0
C41137,58,380088.19999999995,0,0,4000,blue,true,left,4,83,right,orange,1044,0
C41137,59,383657.1000000001,1,40,3960,blue,false,left,40,8,right,orange,989,0
C41137,60,387175.5,0,0,3960,blue,true,left,47,86,right,orange,374,0
C41137,61,390077.1000000001,0,0,3960,blue,true,left,15,49,right,orange,393,0
C41137,62,393000.90000000014,0,0,3960,blue,true,left,17,39,right,orange,474,0
C41137,63,396004.5,1,76,3884,blue,false,left,76,97,right,orange,383,0
C41137,64,398918,0,0,3884,blue,true,left,73,14,right,orange,374,0
C41137,65,401821.5,1,29,3855,blue,true,right,67,29,right,blue,398,0
C41137,66,404741.6000000001,0,0,3855,blue,true,left,48,39,right,orange,546,0
C41137,67,407815.90000000014,0,0,3855,blue,true,left,30,99,right,orange,427,0
C41137,68,410776.80000000005,1,13,3842,blue,false,left,13,20,right,orange,383,0
C41137,69,413696.69999999995,0,0,3842,blue,true,right,66,59,left,orange,386,0
C41137,70,416610.40000000014,0,0,3842,blue,true,left,20,60,right,orange,390,0
C41137,71,419528.90000000014,1,25,3817,blue,true,left,41,25,left,blue,400,0
C41137,72,422460.69999999995,1,76,3741,blue,false,left,76,70,right,orange,326,0
C41137,73,425319.6000000001,1,73,3668,blue,false,left,73,18,right,orange,336,0
C41137,74,428186.30000000005,1,41,3627,blue,false,left,41,80,right,orange,291,0
C41137,75,431012.30000000005,0,0,3627,blue,true,right,25,76,left,orange,442,0
C41137,76,433981.6000000001,1,34,3593,blue,false,right,34,52,left,orange,381,0
C41137,77,436891.90000000014,1,30,3563,blue,false,right,30,60,left,orange,686,0
C41137,78,440110.5,1,91,3472,blue,false,left,91,36,right,orange,416,0
C41137,79,443060.1000000001,1,70,3402,blue,false,left,70,59,right,orange,365,0
C41137,80,445966,0,0,3402,blue,true,right,64,47,left,orange,583,0
C41137,81,449075.80000000005,1,28,3374,blue,false,left,28,44,right,orange,1055,0
C41137,82,452669.6000000001,1,2,3372,blue,false,left,2,80,right,orange,380,0
C41137,83,455581.90000000014,1,20,3352,blue,false,left,20,39,right,orange,782,0
C41137,84,458898.1000000001,1,32,3320,blue,false,right,32,61,left,orange,722,0
C41137,85,462153.5,1,90,3230,blue,false,right,90,61,left,orange,795,0
C41137,86,465481.1000000001,0,0,3230,blue,true,right,62,70,left,orange,1460,0
C41137,87,469470.90000000014,1,17,3213,blue,false,left,17,33,right,orange,1025,0
C41137,88,473033.40000000014,1,74,3139,blue,false,right,74,17,left,orange,1010,0
C41137,89,476578.5,1,2,3137,blue,false,left,2,85,right,orange,2677,0
C41137,90,481791,1,39,3098,blue,false,left,39,76,right,orange,532,0
C41137,91,484853.5,1,70,3028,blue,false,left,70,20,right,orange,303,0
C41137,92,487692.6000000001,1,69,2959,blue,true,right,24,69,right,blue,1604,0
C41137,93,491828,0,0,2959,blue,true,left,59,52,right,orange,596,0
C41137,94,498954.19999999995,0,0,2959,blue,false,right,15,43,right,blue,298,0
C41137,95,501775.1000000001,0,0,2959,blue,true,left,50,34,right,orange,175,0
C41137,96,504476.90000000014,0,0,2959,blue,false,right,43,48,right,blue,115,0
C41137,97,507121.40000000014,0,0,2959,blue,true,left,14,35,right,orange,507,0
C41137,98,510155,0,0,2959,blue,true,left,12,42,right,orange,774,0
C41137,99,513462.1000000001,0,0,2959,blue,true,left,40,44,right,orange,864,0
C41137,100,516854.90000000014,0,0,2959,blue,true,left,88,50,right,orange,962,0
C41137,101,520348.80000000005,0,0,2959,blue,true,left,51,19,right,orange,1092,0
C41137,102,523968.69999999995,1,59,2900,blue,true,right,44,59,right,blue,737,0
C41137,103,527240.2,0,0,2900,blue,true,left,23,9,right,orange,1694,0
C41137,104,531463,1,76,2824,blue,true,right,23,76,right,blue,428,0
C41137,105,534426.5,0,0,2824,blue,true,left,94,47,right,orange,492,0
C41137,106,537445.4000000001,0,0,2824,blue,false,right,67,56,right,blue,298,0
C41137,107,540274.5,1,16,2808,blue,true,right,50,16,right,blue,619,0
C41137,108,543428.6000000001,1,7,2801,blue,true,right,83,7,right,blue,553,0
C41137,109,546514.5,0,0,2801,blue,true,left,86,41,right,orange,258,0
C41137,110,549298.5,0,0,2801,blue,true,left,61,37,right,orange,927,0
C41137,111,552758.2,0,0,2801,blue,false,right,82,57,right,blue,79,0
C41137,112,555366,1,68,2733,blue,false,left,68,28,right,orange,455,0
C41137,113,558352.7,1,65,2668,blue,false,left,65,76,right,orange,34,0
C41137,114,560921.4000000001,1,25,2643,blue,false,left,25,19,right,orange,60,0
C41137,115,563512.3,1,67,2576,blue,false,left,67,68,right,orange,476,0
C41137,116,566524.1000000001,0,0,2576,blue,false,right,82,68,right,blue,1025,0
C41137,117,570081.2,0,0,2576,blue,false,right,88,19,right,blue,17,0
C41137,118,572627.4000000001,1,11,2565,blue,true,right,55,11,right,blue,47,0
C41137,119,575206.7,1,36,2529,blue,true,right,74,36,right,blue,340,0
C41137,120,578079.5,1,18,2511,blue,false,left,18,64,right,orange,242,0
C41137,121,580852.6000000001,0,0,2511,blue,false,right,15,3,right,blue,670,0
C41137,122,584048.4000000001,1,91,2420,blue,false,left,91,76,right,orange,303,0
C41137,123,586881.2,1,66,2354,blue,false,left,66,92,right,orange,303,0
C41137,124,589718.9000000001,0,0,2354,blue,false,right,67,14,right,blue,335,0
C41137,125,592577.5,1,77,2277,blue,true,right,11,77,right,blue,325,0
C41137,126,595442.4000000001,1,36,2241,blue,false,left,36,20,right,orange,498,0
C41137,127,598472.2,0,0,2241,blue,false,right,44,61,right,blue,73,0
C41137,128,601068.7,0,0,2241,blue,false,right,4,34,right,blue,460,0
C41137,129,604061.5,0,0,2241,blue,false,right,86,63,right,blue,472,0
C41137,130,607063.2,1,99,2142,blue,false,left,99,43,right,orange,1051,0
C41137,131,610650,0,0,2142,blue,true,left,95,56,right,orange,1352,0
C41137,132,614531.1000000001,0,0,2142,blue,false,right,89,63,right,blue,790,0
C41137,133,617850.5,0,0,2142,blue,true,left,88,80,right,orange,718,0
C41137,134,621098.3,1,5,2137,blue,false,left,5,10,right,orange,306,0
C41137,135,623935.7,0,0,2137,blue,true,left,35,80,right,orange,359,0
C41137,136,626819.8,1,57,2080,blue,true,right,8,57,right,blue,367,0
C41137,137,629721,0,0,2080,blue,true,left,78,47,right,orange,45,0
C41137,138,632288.1000000001,0,0,2080,blue,true,left,5,99,right,orange,496,0
C41137,139,635312.2,1,67,2013,blue,true,right,62,67,right,blue,319,0
C41137,140,638167.8,1,95,1918,blue,false,left,95,27,right,orange,909,0
