Quiz_round,2,RESULT:,Steal1Goodness,Incorrect
num_trial,optionsPresented_time,outcome,loss_amount,running_total,anchor_stim,blue_aversive,blue_side,amount_orange,amount_blue,chosen_side,chosen_color,response_time,trial_repeat_count
C42396,1,144042.1249999199,1,37,4963,blue,true,right,44,37,right,blue,1102,0
C42396,2,147710.3750000242,1,12,4951,blue,true,right,66,12,right,blue,401,0
C42396,3,150661.41499998048,1,9,4942,blue,true,right,98,9,right,blue,352,0
C42396,4,153567.63499998488,0,0,4942,blue,false,left,20,91,left,blue,263,0
C42396,5,156393.06999999098,0,0,4942,blue,true,left,28,8,right,orange,572,0
C42396,6,159512.6900000032,0,0,4942,blue,true,left,30,33,right,orange,592,0
C42396,7,162654.98000010848,0,0,4942,blue,true,left,27,24,right,orange,1323,0
C42396,8,166522.30999991298,1,58,4884,blue,false,left,58,43,right,orange,1268,0
C42396,9,170365.56500010192,1,47,4837,blue,true,right,72,47,right,blue,681,0
C42396,10,173605.67499999888,1,44,4793,blue,false,left,44,44,right,orange,379,0
C42396,11,176537.35999995843,0,0,4793,blue,true,left,69,26,right,orange,400,0
C42396,12,179493.49000002258,0,0,4793,blue,true,left,6,41,right,orange,418,0
C42396,13,182458.95999995992,0,0,4793,blue,true,left,88,34,right,orange,421,0
C42396,14,185427.84500005655,1,73,4720,blue,false,left,73,18,right,orange,503,0
C42396,15,188473.9600000903,0,0,4720,blue,true,left,60,25,right,orange,544,0
C42396,16,191561.12500000745,0,0,4720,blue,true,left,68,6,right,orange,576,0
C42396,17,194687.70999996923,1,48,4672,blue,false,left,48,39,right,orange,546,0
C42396,18,197815.6200000085,0,0,4672,blue,true,right,35,76,left,orange,541,0
C42396,19,200914.6100000944,0,0,4672,blue,true,left,23,85,right,orange,449,0
C42396,20,203909.23999994993,0,0,4672,blue,true,left,54,22,right,orange,657,0
C42396,21,207124.65499993414,1,66,4606,blue,false,right,66,58,left,orange,1198,0
C42396,22,210873.7900000997,1,41,4565,blue,true,right,98,41,right,blue,771,0
C42396,23,214198.64500011317,0,0,4565,blue,true,left,58,80,right,orange,764,0
C42396,24,217493.87000012212,0,0,4565,blue,true,left,32,85,right,orange,881,0
C42396,25,220927.0250000991,1,83,4482,blue,false,left,83,15,right,orange,702,0
C42396,26,224184.23500005156,0,0,4482,blue,true,left,18,16,right,orange,617,0
C42396,27,227358.55500004254,0,0,4482,blue,true,right,56,99,left,orange,633,0
C42396,28,230530.0199999474,0,0,4482,blue,true,left,23,75,right,orange,689,0
C42396,29,233756.93499995396,0,0,4482,blue,true,left,68,18,right,orange,690,0
C42396,30,236994.2700001411,0,0,4482,blue,true,right,30,16,left,orange,666,0
C42396,31,240199.59000009112,0,0,4482,blue,true,right,86,37,left,orange,634,0
C42396,32,243379.87500010058,0,0,4482,blue,true,right,47,44,left,orange,570,0
C42396,33,252054.29000011645,0,0,4482,blue,true,right,3,91,left,orange,3115,1
C42396,34,257740.57499994524,1,60,4422,blue,false,right,60,14,left,orange,1235,0
C42396,35,272623.399999924,0,0,4422,blue,true,left,54,84,right,orange,2514,2
C42396,36,277681.4500000328,0,0,4422,blue,true,right,34,23,left,orange,621,0
C42396,37,280840.61999991536,0,0,4422,blue,true,right,96,28,left,orange,557,0
C42396,38,749862.4899999704,0,0,4422,blue,false,right,83,94,right,blue,217,84
C42396,39,752631.2049999833,1,86,4336,blue,true,left,63,86,left,blue,1182,0
C42396,40,756379.2000000831,0,0,4336,blue,true,right,99,53,left,orange,1555,0
C42396,41,760486.920000054,0,0,4336,blue,true,left,29,91,right,orange,1424,0
C42396,42,1019487.1100001037,1,64,4272,blue,true,right,88,64,right,blue,913,46
C42396,43,1022960.3500000667,0,0,4272,blue,true,left,84,70,right,orange,646,0
C42396,44,1026164.0699999407,1,61,4211,blue,false,right,61,88,left,orange,404,0
C42396,45,1029134.5999999903,0,0,4211,blue,true,right,61,43,left,orange,485,0
C42396,46,1032181.7350001074,0,0,4211,blue,true,right,87,54,left,orange,403,0
C42396,47,1035138.879999984,1,5,4206,blue,false,right,5,90,left,orange,571,0
C42396,48,1042278.8849999197,1,44,4162,blue,true,right,71,44,right,blue,1251,0
C42396,49,1046114.1699999571,0,0,4162,blue,true,left,42,52,right,orange,238,0
C42396,50,1048901.7700001132,0,0,4162,blue,true,right,39,93,left,orange,531,0
C42396,51,1051998.450000072,1,24,4138,blue,true,left,39,24,left,blue,488,0
C42396,52,1055053.4550000448,1,20,4118,blue,false,right,20,10,left,orange,311,0
C42396,53,1057923.4050000086,0,0,4118,blue,false,left,85,43,left,blue,769,0
C42396,54,1061266.5850000922,0,0,4118,blue,false,right,77,7,right,blue,1371,0
C42396,55,1065195.9999999963,1,90,4028,blue,true,left,95,90,left,blue,595,0
C42396,56,1068365.415000124,0,0,4028,blue,true,left,56,7,right,orange,724,0
C42396,57,1071644.6549999528,0,0,4028,blue,true,left,50,69,right,orange,1125,0
C42396,58,1075305.6449999567,0,0,4028,blue,true,left,4,83,right,orange,655,0
C42396,59,1078532.1200001054,1,40,3988,blue,false,right,40,8,left,orange,455,0
C42396,60,1081541.7250001337,0,0,3988,blue,true,right,47,86,left,orange,1025,0
C42396,61,1085106.2650000677,0,0,3988,blue,true,right,15,49,left,orange,705,0
C42396,62,1088349.5150001254,0,0,3988,blue,true,left,17,39,right,orange,621,0
C42396,63,1091525.2799999435,1,76,3912,blue,false,right,76,97,left,orange,478,0
C42396,64,1094562.7699999604,0,0,3912,blue,true,right,73,14,left,orange,561,0
C42396,65,1097679.3249999173,0,0,3912,blue,true,right,67,29,left,orange,842,0
C42396,66,1101085.0050000008,1,39,3873,blue,true,left,48,39,left,blue,867,0
C42396,67,1104511.5499999374,0,0,3873,blue,true,left,30,99,right,orange,411,0
C42396,68,1107471.6550000012,1,13,3860,blue,false,right,13,20,left,orange,470,0
C42396,69,1110483.680000063,0,0,3860,blue,true,right,66,59,left,orange,386,0
C42396,70,1113404.4399999548,0,0,3860,blue,true,right,20,60,left,orange,390,0
C42396,71,1116344.844999956,0,0,3860,blue,true,left,41,25,right,orange,529,0
C42396,72,1119425.4000000656,1,76,3784,blue,false,right,76,70,left,orange,324,0
C42396,73,1122294.5950001013,1,73,3711,blue,false,left,73,18,right,orange,530,0
C42396,74,1125381.3650000375,0,0,3711,blue,false,left,41,80,left,blue,429,0
C42396,75,1128356.4699999988,1,76,3635,blue,true,right,25,76,right,blue,376,0
C42396,76,1131304.0400000755,0,0,3635,blue,false,right,34,52,right,blue,484,0
C42396,77,1134338.5950000957,0,0,3635,blue,false,left,30,60,left,blue,466,0
C42396,78,1137342.3699999694,0,0,3635,blue,false,left,91,36,left,blue,579,0
C42396,79,1140464.7450000048,0,0,3635,blue,false,right,70,59,right,blue,689,0
C42396,80,1143706.870000111,1,47,3588,blue,true,right,64,47,right,blue,693,0
C42396,81,1146948.8550000824,0,0,3588,blue,false,right,28,44,right,blue,374,0
C42396,82,1149878.2649999484,0,0,3588,blue,false,left,2,80,left,blue,437,0
C42396,83,1152873.4800000675,0,0,3588,blue,false,left,20,39,left,blue,462,0
C42396,84,1155897.3600000609,0,0,3588,blue,false,left,32,61,left,blue,366,0
C42396,85,1158796.8850000761,0,0,3588,blue,false,right,90,61,right,blue,579,0
C42396,86,1161909.639999969,1,70,3518,blue,true,right,62,70,right,blue,447,0
C42396,87,1164923.7100000028,0,0,3518,blue,false,left,17,33,left,blue,339,0
C42396,88,1167809.6300000325,0,0,3518,blue,false,right,74,17,right,blue,371,0
C42396,89,1170722.6849999279,0,0,3518,blue,false,right,2,85,right,blue,642,0
C42396,90,1173911.8999999482,0,0,3518,blue,false,left,39,76,left,blue,509,0
C42396,91,1176969.0400001127,0,0,3518,blue,false,left,70,20,left,blue,607,0
C42396,92,1180125.6150000263,1,69,3449,blue,true,right,24,69,right,blue,553,0
C42396,93,1183260.135000106,1,52,3397,blue,true,right,59,52,right,blue,348,0
C42396,94,1190181.7900000606,1,15,3382,blue,false,right,15,43,left,orange,802,0
C42396,95,1193536.3849999849,0,0,3382,blue,true,left,50,34,right,orange,369,0
C42396,96,1196480.2200000267,1,43,3339,blue,false,left,43,48,right,orange,357,0
C42396,97,1199397.9350000154,0,0,3339,blue,true,right,14,35,left,orange,370,0
C42396,98,1202339.8450000677,0,0,3339,blue,true,left,12,42,right,orange,322,0
C42396,99,1205204.3500000145,0,0,3339,blue,true,right,40,44,left,orange,362,0
C42396,100,1208117.4999999348,0,0,3339,blue,true,right,88,50,left,orange,368,0
C42396,101,1211039.6600000095,0,0,3339,blue,true,left,51,19,right,orange,552,0
C42396,102,1214130.6100001093,0,0,3339,blue,true,right,44,59,left,orange,434,0
C42396,103,1217129.24499996,0,0,3339,blue,true,left,23,9,right,orange,801,0
C42396,104,1220484.2950000893,0,0,3339,blue,true,left,23,76,right,orange,766,0
C42396,105,1223811.105000088,0,0,3339,blue,true,right,94,47,left,orange,515,0
C42396,106,1226898.4000000637,1,67,3272,blue,false,left,67,56,right,orange,524,0
C42396,107,1229993.509999942,0,0,3272,blue,true,right,50,16,left,orange,373,0
C42396,108,1232930.954999989,0,0,3272,blue,true,right,83,7,left,orange,506,0
C42396,109,1235987.4150000978,0,0,3272,blue,true,right,86,41,left,orange,486,0
C42396,110,1239044.8149999138,0,0,3272,blue,true,left,61,37,right,orange,424,0
C42396,111,1242026.605000021,1,82,3190,blue,false,left,82,57,right,orange,546,0
C42396,112,1245154.0200000163,1,68,3122,blue,false,left,68,28,right,orange,573,0
C42396,113,1248297.3849999253,1,65,3057,blue,false,right,65,76,left,orange,283,0
C42396,114,1251155.1250000484,0,0,3057,blue,false,right,25,19,right,blue,589,0
C42396,115,1254321.0199999157,0,0,3057,blue,false,right,67,68,right,blue,394,0
C42396,116,1257274.2300000973,0,0,3057,blue,false,left,82,68,left,blue,442,0
C42396,117,1260277.8249999974,0,0,3057,blue,false,right,88,19,right,blue,572,0
C42396,118,1263410.8150000684,1,11,3046,blue,true,left,55,11,left,blue,411,0
C42396,119,1266391.6100000497,1,36,3010,blue,true,left,74,36,left,blue,495,0
C42396,120,1269453.875000123,0,0,3010,blue,false,left,18,64,left,blue,614,0
C42396,121,1272633.3999999333,0,0,3010,blue,false,right,15,3,right,blue,536,0
C42396,122,1275734.480000101,0,0,3010,blue,false,right,91,76,right,blue,470,0
C42396,123,1278749.2249999195,0,0,3010,blue,false,left,66,92,left,blue,510,0
C42396,124,1281818.4800001327,0,0,3010,blue,false,right,67,14,right,blue,477,0
C42396,125,1284869.609999936,1,77,2933,blue,true,left,11,77,left,blue,454,0
C42396,126,1287915.2800000738,0,0,2933,blue,false,left,36,20,left,blue,457,0
C42396,127,1290918.3499999344,1,44,2889,blue,false,right,44,61,left,orange,285,0
C42396,128,1293759.4550000504,0,0,2889,blue,false,right,4,34,right,blue,361,0
C42396,129,1296684.5650000032,0,0,2889,blue,false,right,86,63,right,blue,548,0
C42396,130,1299785.7250000816,0,0,2889,blue,false,left,99,43,left,blue,520,0
C42396,131,1302871.5500000399,1,56,2833,blue,true,left,95,56,left,blue,641,0
C42396,132,1306073.679999914,0,0,2833,blue,false,right,89,63,right,blue,373,0
C42396,133,1309011.679999996,1,80,2753,blue,true,left,88,80,left,blue,438,0
C42396,134,1312014.3049999606,1,5,2748,blue,false,right,5,10,left,orange,412,0
C42396,135,1315009.7749999259,1,80,2668,blue,true,left,35,80,left,blue,1217,0
C42396,136,1318791.135000065,0,0,2668,blue,true,right,8,57,left,orange,406,0
C42396,137,1321735.3600000497,0,0,2668,blue,true,left,78,47,right,orange,707,0
C42396,138,1325005.8999999892,0,0,2668,blue,true,right,5,99,left,orange,886,0
C42396,139,1328462.9500000738,0,0,2668,blue,true,left,62,67,right,orange,357,0
C42396,140,1331372.2800000105,1,95,2573,blue,false,right,95,27,left,orange,735,0
