Quiz_round,2,RESULT:,SideGoodness,Incorrect
num_trial,optionsPresented_time,outcome,loss_amount,running_total,anchor_stim,blue_aversive,blue_side,amount_orange,amount_blue,chosen_side,chosen_color,response_time,trial_repeat_count
C42360,1,153854.59999999963,1,37,4963,blue,true,left,44,37,left,blue,3272,0
C42360,2,159652.90000000037,1,12,4951,blue,true,left,66,12,left,blue,723,0
C42360,3,162891.80000000075,1,9,4942,blue,true,left,98,9,left,blue,724,0
C42360,4,166136.09999999963,1,20,4922,blue,false,left,20,91,right,orange,1230,0
C42360,5,169883.40000000037,1,8,4914,blue,true,left,28,8,left,blue,495,0
C42360,6,172897.59999999963,1,33,4881,blue,true,right,30,33,right,blue,387,0
C42360,7,175808.80000000075,1,24,4857,blue,true,right,27,24,right,blue,337,0
C42360,8,178667.40000000037,1,58,4799,blue,false,left,58,43,right,orange,373,0
C42360,9,181564,0,0,4799,blue,true,left,72,47,right,orange,286,0
C42360,10,184363.70000000112,1,44,4755,blue,false,left,44,44,right,orange,379,0
C42360,11,187261,0,0,4755,blue,true,right,69,26,left,orange,393,0
C42360,12,190169.09999999963,1,41,4714,blue,true,left,6,41,left,blue,81,0
C42360,13,192773.70000000112,0,0,4714,blue,true,left,88,34,right,orange,353,0
C42360,14,195641.09999999963,1,73,4641,blue,false,right,73,18,left,orange,384,0
C42360,15,198547.09999999963,1,25,4616,blue,true,right,60,25,right,blue,336,0
C42360,16,201402.80000000075,0,0,4616,blue,true,right,68,6,left,orange,387,0
C42360,17,204307.20000000112,1,48,4568,blue,false,left,48,39,right,orange,421,0
C42360,18,207247.5,0,0,4568,blue,true,right,35,76,left,orange,344,0
C42360,19,210105.70000000112,0,0,4568,blue,true,right,23,85,left,orange,511,0
C42360,20,213131.09999999963,0,0,4568,blue,true,right,54,22,left,orange,417,0
C42360,21,216066.90000000037,1,66,4502,blue,false,left,66,58,right,orange,427,0
C42360,22,219009,0,0,4502,blue,true,right,98,41,left,orange,528,0
C42360,23,222048.20000000112,0,0,4502,blue,true,right,58,80,left,orange,458,0
C42360,24,225019.59999999963,0,0,4502,blue,true,right,32,85,left,orange,476,0
C42360,25,228012.5,1,83,4419,blue,false,left,83,15,right,orange,399,0
C42360,26,230931.80000000075,1,16,4403,blue,true,left,18,16,left,blue,289,0
C42360,27,233739.5,0,0,4403,blue,true,left,56,99,right,orange,338,0
C42360,28,236595.09999999963,0,0,4403,blue,true,left,23,75,right,orange,368,0
C42360,29,239480.59999999963,0,0,4403,blue,true,right,68,18,left,orange,511,0
C42360,30,242509.40000000037,0,0,4403,blue,true,left,30,16,right,orange,397,0
C42360,31,245424.90000000037,0,0,4403,blue,true,right,86,37,left,orange,412,0
C42360,32,248358.30000000075,0,0,4403,blue,true,left,47,44,right,orange,381,0
C42360,33,251254.30000000075,0,0,4403,blue,true,left,3,91,right,orange,405,0
C42360,34,254180,1,60,4343,blue,false,left,60,14,right,orange,401,0
C42360,35,257099.30000000075,0,0,4343,blue,true,left,54,84,right,orange,450,0
C42360,36,260064,0,0,4343,blue,true,right,34,23,left,orange,394,0
C42360,37,262973.5999999996,1,28,4315,blue,true,left,96,28,left,blue,84,0
C42360,38,265582.30000000075,0,0,4315,blue,false,left,83,94,left,blue,474,0
C42360,39,268572.2000000011,0,0,4315,blue,true,right,63,86,left,orange,79,0
C42360,40,271166.7000000011,1,53,4262,blue,true,left,99,53,left,blue,519,0
C42360,41,274202.5999999996,1,91,4171,blue,true,right,29,91,right,blue,151,0
C42360,42,276871.5,1,64,4107,blue,true,right,88,64,right,blue,4,0
C42360,43,279399,1,70,4037,blue,true,right,84,70,right,blue,703,0
C42360,44,282619.5,1,61,3976,blue,false,right,61,88,left,orange,419,0
C42360,45,285559.7000000011,0,0,3976,blue,true,left,61,43,right,orange,332,0
C42360,46,288407.5,0,0,3976,blue,true,left,87,54,right,orange,389,0
C42360,47,291314,0,0,3976,blue,false,right,5,90,right,blue,418,0
C42360,48,298253.2000000011,0,0,3976,blue,true,left,71,44,right,orange,1249,0
C42360,49,302019.80000000075,0,0,3976,blue,true,right,42,52,left,orange,1351,0
C42360,50,305888.80000000075,1,93,3883,blue,true,left,39,93,left,blue,473,0
C42360,51,308880,0,0,3883,blue,true,right,39,24,left,orange,81,0
C42360,52,311475.0999999996,0,0,3883,blue,false,left,20,10,left,blue,4,0
C42360,53,313995.5999999996,0,0,3883,blue,false,right,85,43,right,blue,1007,0
C42360,54,317516.80000000075,1,77,3806,blue,false,left,77,7,right,orange,4,0
C42360,55,320047.5,1,90,3716,blue,true,left,95,90,left,blue,192,0
C42360,56,322762.5,1,7,3709,blue,true,right,56,7,right,blue,279,0
C42360,57,325560.9000000004,1,69,3640,blue,true,left,50,69,left,blue,565,0
C42360,58,328641.0999999996,1,83,3557,blue,true,right,4,83,right,blue,152,0
C42360,59,331314.4000000004,1,40,3517,blue,false,right,40,8,left,orange,138,0
C42360,60,333969,1,86,3431,blue,true,right,47,86,right,blue,74,0
C42360,61,336566.2000000011,1,49,3382,blue,true,left,15,49,left,blue,48,0
C42360,62,339132.5,1,39,3343,blue,true,right,17,39,right,blue,326,0
C42360,63,341975.9000000004,1,76,3267,blue,false,right,76,97,left,orange,275,0
C42360,64,344766,0,0,3267,blue,true,left,73,14,right,orange,552,0
C42360,65,347830.80000000075,1,29,3238,blue,true,right,67,29,right,blue,591,0
C42360,66,350939.4000000004,0,0,3238,blue,true,right,48,39,left,orange,446,0
C42360,67,353903.5999999996,0,0,3238,blue,true,right,30,99,left,orange,154,0
C42360,68,356574.80000000075,1,13,3225,blue,false,right,13,20,left,orange,969,0
C42360,69,360063.30000000075,1,59,3166,blue,true,left,66,59,left,blue,79,0
C42360,70,362661.5,1,60,3106,blue,true,left,20,60,left,blue,1029,0
C42360,71,366207.80000000075,0,0,3106,blue,true,right,41,25,left,orange,1284,0
C42360,72,370009.80000000075,0,0,3106,blue,false,right,76,70,right,blue,862,0
C42360,73,373392,0,0,3106,blue,false,right,73,18,right,blue,904,0
C42360,74,376814.0999999996,1,41,3065,blue,false,left,41,80,right,orange,83,0
C42360,75,379414.30000000075,0,0,3065,blue,true,right,25,76,left,orange,343,0
C42360,76,382270.9000000004,0,0,3065,blue,false,left,34,52,left,blue,85,0
C42360,77,384876.80000000075,0,0,3065,blue,false,left,30,60,left,blue,388,0
C42360,78,387783.5,0,0,3065,blue,false,left,91,36,left,blue,447,0
C42360,79,390745.0999999996,0,0,3065,blue,false,left,70,59,left,blue,454,0
C42360,80,393713.80000000075,1,47,3018,blue,true,left,64,47,left,blue,515,0
C42360,81,396749.5,1,28,2990,blue,false,right,28,44,left,orange,623,0
C42360,82,399891.30000000075,1,2,2988,blue,false,left,2,80,right,orange,663,0
C42360,83,403070.30000000075,0,0,2988,blue,false,left,20,39,left,blue,628,0
C42360,84,406216.0999999996,0,0,2988,blue,false,left,32,61,left,blue,1,0
C42360,85,408739.7000000011,1,90,2898,blue,false,right,90,61,left,orange,578,0
C42360,86,411831.5,0,0,2898,blue,true,right,62,70,left,orange,671,0
C42360,87,415015.0999999996,0,0,2898,blue,false,left,17,33,left,blue,448,0
C42360,88,417981.30000000075,0,0,2898,blue,false,left,74,17,left,blue,409,0
C42360,89,420908.80000000075,0,0,2898,blue,false,right,2,85,right,blue,174,0
C42360,90,423600.5,0,0,2898,blue,false,left,39,76,left,blue,281,0
C42360,91,426392.2000000011,0,0,2898,blue,false,left,70,20,left,blue,77,0
C42360,92,428991.7000000011,1,69,2829,blue,true,right,24,69,right,blue,82,0
C42360,93,431594.2000000011,1,52,2777,blue,true,left,59,52,left,blue,103,0
C42360,94,438215.5,0,0,2777,blue,false,left,15,43,left,blue,201,0
C42360,95,440929.7000000011,1,34,2743,blue,true,left,50,34,left,blue,260,0
C42360,96,443704.5999999996,1,43,2700,blue,false,right,43,48,left,orange,158,0
C42360,97,446389.4000000004,1,35,2665,blue,true,left,14,35,left,blue,197,0
C42360,98,449103.7000000011,1,42,2623,blue,true,right,12,42,right,blue,275,0
C42360,99,451895.7000000011,0,0,2623,blue,true,left,40,44,right,orange,227,0
C42360,100,454639.9000000004,1,50,2573,blue,true,left,88,50,left,blue,408,0
C42360,101,457567.0999999996,1,19,2554,blue,true,right,51,19,right,blue,54,0
C42360,102,460142.9000000004,0,0,2554,blue,true,right,44,59,left,orange,202,0
C42360,103,462863.30000000075,1,9,2545,blue,true,right,23,9,right,blue,277,0
C42360,104,465658.0999999996,0,0,2545,blue,true,right,23,76,left,orange,190,0
C42360,105,468365.9000000004,1,47,2498,blue,true,left,94,47,left,blue,75,0
C42360,106,470961.9000000004,0,0,2498,blue,false,right,67,56,right,blue,423,0
C42360,107,473901.80000000075,0,0,2498,blue,true,right,50,16,left,orange,257,0
C42360,108,476672.9000000004,0,0,2498,blue,true,left,83,7,right,orange,206,0
C42360,109,479391.7000000011,0,0,2498,blue,true,left,86,41,right,orange,76,0
C42360,110,481984.0999999996,1,37,2461,blue,true,left,61,37,left,blue,93,0
C42360,111,484597.30000000075,1,82,2379,blue,false,left,82,57,right,orange,247,0
C42360,112,487364,1,68,2311,blue,false,left,68,28,right,orange,472,0
C42360,113,490356.5,0,0,2311,blue,false,right,65,76,right,blue,826,0
C42360,114,493695.2000000011,1,25,2286,blue,false,right,25,19,left,orange,589,0
C42360,115,496804.2000000011,0,0,2286,blue,false,right,67,68,right,blue,568,0
C42360,116,499891.2000000011,0,0,2286,blue,false,left,82,68,left,blue,570,0
C42360,117,502978.30000000075,0,0,2286,blue,false,left,88,19,left,blue,1138,0
C42360,118,506635.80000000075,1,11,2275,blue,true,right,55,11,right,blue,414,0
C42360,119,509566.80000000075,0,0,2275,blue,true,left,74,36,right,orange,555,0
C42360,120,512636.30000000075,1,18,2257,blue,false,left,18,64,right,orange,499,0
C42360,121,515655.9000000004,1,15,2242,blue,false,right,15,3,left,orange,326,0
C42360,122,518499.2000000011,1,91,2151,blue,false,left,91,76,right,orange,429,0
C42360,123,521447.30000000075,1,66,2085,blue,false,right,66,92,left,orange,106,0
C42360,124,524072.2000000011,1,67,2018,blue,false,right,67,14,left,orange,403,0
C42360,125,526996.7000000011,0,0,2018,blue,true,left,11,77,right,orange,583,0
C42360,126,530091,1,36,1982,blue,false,right,36,20,left,orange,517,0
C42360,127,533124.8000000007,1,44,1938,blue,false,right,44,61,left,orange,80,0
C42360,128,535726.3000000007,0,0,1938,blue,false,right,4,34,right,blue,584,0
C42360,129,538830.2000000011,0,0,1938,blue,false,left,86,63,left,blue,521,0
C42360,130,541864.7000000011,0,0,1938,blue,false,right,99,43,right,blue,525,0
C42360,131,544902.3000000007,0,0,1938,blue,true,right,95,56,left,orange,277,0
C42360,132,547698.5999999996,0,0,1938,blue,false,right,89,63,right,blue,323,0
C42360,133,550541.2000000011,0,0,1938,blue,true,left,88,80,right,orange,300,0
C42360,134,553359.3000000007,1,5,1933,blue,false,right,5,10,left,orange,204,0
C42360,135,556080.4000000004,1,80,1853,blue,true,left,35,80,left,blue,44,0
C42360,136,558640.9000000004,0,0,1853,blue,true,right,8,57,left,orange,55,0
C42360,137,561211.3000000007,1,47,1806,blue,true,left,78,47,left,blue,354,0
C42360,138,564089,1,99,1707,blue,true,right,5,99,right,blue,286,0
C42360,139,566894.8000000007,0,0,1707,blue,true,right,62,67,left,orange,9,0
C42360,140,569421.8000000007,0,0,1707,blue,false,left,95,27,left,blue,46,0
