Quiz_round,2,RESULT:,SideGoodness,Incorrect
num_trial,optionsPresented_time,outcome,loss_amount,running_total,anchor_stim,blue_aversive,blue_side,amount_orange,amount_blue,chosen_side,chosen_color,response_time,trial_repeat_count
C42544,1,194852.8000000001,1,10,4990,blue,true,right,23,10,right,blue,1257,0
C42544,2,198673.96000000008,0,0,4990,blue,true,right,45,97,left,orange,835,0
C42544,3,202055.34499999977,0,0,4990,blue,true,right,54,62,left,orange,1279,0
C42544,4,205873.54000000004,0,0,4990,blue,false,left,99,16,left,blue,1337,0
C42544,5,209754.24500000008,1,40,4950,blue,true,left,72,40,left,blue,864,0
C42544,6,213183.01500000007,0,0,4950,blue,true,left,98,88,right,orange,2731,0
C42544,7,218463.4299999998,0,0,4950,blue,true,left,6,54,right,orange,959,0
C42544,8,221968.99500000017,0,0,4950,blue,true,left,64,55,right,orange,995,0
C42544,9,225512.78000000003,0,0,4950,blue,false,right,96,45,right,blue,1167,0
C42544,10,229226.85,0,0,4950,blue,true,right,28,19,left,orange,1190,0
C42544,11,232957.36499999976,1,26,4924,blue,true,left,95,26,left,blue,1103,0
C42544,12,236615.33000000007,1,29,4895,blue,true,right,90,29,right,blue,2089,0
C42544,13,241261.215,0,0,4895,blue,true,right,20,53,left,orange,1087,0
C42544,14,244891.49,0,0,4895,blue,true,left,74,56,right,orange,1429,0
C42544,15,248858.22499999995,0,0,4895,blue,true,right,18,42,left,orange,903,0
C42544,16,252311.22499999992,0,0,4895,blue,true,left,11,91,right,orange,543,0
C42544,17,255417.68999999977,1,32,4863,blue,false,right,32,31,left,orange,938,0
C42544,18,258910.98999999985,0,0,4863,blue,true,right,36,65,left,orange,620,0
C42544,19,262058.50999999983,1,40,4823,blue,false,left,40,30,right,orange,1027,0
C42544,20,265631.155,0,0,4823,blue,true,right,29,26,left,orange,512,0
C42544,21,268685.79999999976,1,32,4791,blue,false,right,32,36,left,orange,621,0
C42544,22,271845.38999999996,0,0,4791,blue,true,right,72,81,left,orange,967,0
C42544,23,275350.69999999995,0,0,4791,blue,false,right,95,54,right,blue,1133,0
C42544,24,279036.02,1,40,4751,blue,false,left,40,59,right,orange,623,0
C42544,25,282206.95500000013,0,0,4751,blue,false,left,29,24,left,blue,496,0
C42544,26,285251.0349999998,0,0,4751,blue,false,right,60,51,right,blue,610,0
C42544,27,288404.14499999996,0,0,4751,blue,false,right,83,65,right,blue,577,0
C42544,28,291526.64,1,98,4653,blue,true,right,78,98,right,blue,963,0
C42544,29,295039.05500000017,0,0,4653,blue,false,left,56,51,left,blue,722,0
C42544,30,298302.1899999999,0,0,4653,blue,false,right,5,20,right,blue,1253,0
C42544,31,302102.48999999976,0,0,4653,blue,false,left,67,2,left,blue,503,0
C42544,32,305156.4250000001,0,0,4653,blue,false,left,85,84,left,blue,865,0
C42544,33,308564.89499999996,1,49,4604,blue,true,right,7,49,right,blue,764,0
C42544,34,311880.885,0,0,4604,blue,false,left,37,47,left,blue,612,0
C42544,35,315038.82500000007,0,0,4604,blue,false,right,27,91,right,blue,1436,0
C42544,36,319017.94500000007,0,0,4604,blue,false,right,44,42,right,blue,657,0
C42544,37,322211.71,1,55,4549,blue,true,right,31,55,right,blue,855,0
C42544,38,325620.8499999998,0,0,4549,blue,false,left,97,70,left,blue,719,0
C42544,39,328866.32999999984,0,0,4549,blue,false,left,14,9,left,blue,541,0
C42544,40,331954.1100000001,0,0,4549,blue,true,right,23,51,left,orange,1851,0
C42544,41,336341.9100000001,1,79,4470,blue,true,left,89,79,left,blue,835,0
C42544,42,339725.8449999999,1,86,4384,blue,true,right,83,86,right,blue,1244,0
C42544,43,343526.01000000007,0,0,4384,blue,true,right,40,62,left,orange,586,0
C42544,44,346659.8650000001,0,0,4384,blue,true,left,36,23,right,orange,593,0
C42544,45,349797.2300000001,0,0,4384,blue,true,right,65,61,left,orange,609,0
C42544,46,352951.2199999999,0,0,4384,blue,true,right,74,67,left,orange,799,0
C42544,47,356299.2599999998,0,0,4384,blue,true,right,73,41,left,orange,731,0
C42544,48,363605.0449999998,1,96,4288,blue,false,right,96,54,left,orange,1316,0
C42544,49,367474.9299999999,1,88,4200,blue,true,left,86,88,left,blue,928,0
C42544,50,370942.32499999995,0,0,4200,blue,true,right,43,66,left,orange,861,0
C42544,51,374335.57500000007,0,0,4200,blue,true,right,72,79,left,orange,695,0
C42544,52,377567.25000000006,1,71,4129,blue,false,right,71,13,left,orange,576,0
C42544,53,380699.27499999997,0,0,4129,blue,true,left,78,53,right,orange,1000,0
C42544,54,384232.3150000002,0,0,4129,blue,true,left,57,90,right,orange,637,0
C42544,55,387411.65999999974,1,3,4126,blue,false,right,3,12,left,orange,539,0
C42544,56,390487.975,0,0,4126,blue,true,right,2,64,left,orange,564,0
C42544,57,393592.05999999994,1,9,4117,blue,true,left,99,9,left,blue,1124,0
C42544,58,397262.59500000015,0,0,4117,blue,true,left,21,42,right,orange,625,0
C42544,59,400423.45999999996,0,0,4117,blue,true,left,83,72,right,orange,943,0
C42544,60,403918.8399999998,0,0,4117,blue,true,right,37,11,left,orange,1390,0
C42544,61,407845.4999999999,1,67,4050,blue,false,right,67,81,left,orange,739,0
C42544,62,411130.3199999998,0,0,4050,blue,true,left,12,14,right,orange,730,0
C42544,63,414415.5350000001,1,78,3972,blue,false,left,78,90,right,orange,1052,0
C42544,64,418017.26000000007,1,46,3926,blue,false,right,46,53,left,orange,876,0
C42544,65,421437.1299999998,1,30,3896,blue,false,right,30,42,left,orange,873,0
C42544,66,424856.47000000015,0,0,3896,blue,false,right,36,65,right,blue,652,0
C42544,67,428040.9199999999,0,0,3896,blue,false,left,49,49,left,blue,593,0
C42544,68,431197.27499999997,0,0,3896,blue,false,left,44,10,left,blue,475,0
C42544,69,434220.3199999999,0,0,3896,blue,false,right,70,64,right,blue,514,0
C42544,70,437276.7950000002,0,0,3896,blue,false,right,68,95,right,blue,893,0
C42544,71,440705.52999999974,0,0,3896,blue,false,right,38,46,right,blue,612,0
C42544,72,443861.6299999999,0,0,3896,blue,false,right,18,24,right,blue,502,0
C42544,73,446916.77000000025,0,0,3896,blue,false,right,82,78,right,blue,821,0
C42544,74,450307.4250000004,0,0,3896,blue,false,left,59,54,left,blue,1081,0
C42544,75,453938.8949999998,0,0,3896,blue,false,left,36,33,left,blue,587,0
C42544,76,457066.9549999998,1,56,3840,blue,true,right,49,56,right,blue,733,0
C42544,77,460348.95499999996,1,26,3814,blue,false,right,26,83,left,orange,1187,0
C42544,78,464087.0650000002,0,0,3814,blue,false,left,38,81,left,blue,678,0
C42544,79,467309.75999999966,0,0,3814,blue,false,right,12,3,right,blue,518,0
C42544,80,470363.59500000026,0,0,3814,blue,false,left,62,38,left,blue,605,0
C42544,81,473505.53999999963,0,0,3814,blue,false,left,43,50,left,blue,529,0
C42544,82,476559.70000000024,0,0,3814,blue,false,right,50,47,right,blue,584,0
C42544,83,479680.8050000004,1,35,3779,blue,true,right,41,35,right,blue,606,0
C42544,84,482837.60000000027,1,9,3770,blue,false,right,9,62,left,orange,1156,0
C42544,85,486553.4499999999,0,0,3770,blue,false,right,60,58,right,blue,1350,0
C42544,86,490458.5300000003,0,0,3770,blue,false,right,88,31,right,blue,615,0
C42544,87,493620.3250000003,0,0,3770,blue,false,left,56,44,left,blue,529,0
C42544,88,496693.03999999963,1,15,3755,blue,true,right,31,15,right,blue,574,0
C42544,89,499805.535,0,0,3755,blue,false,left,90,31,left,blue,508,0
C42544,90,502850.7949999998,0,0,3755,blue,false,left,80,76,left,blue,411,0
C42544,91,505800.61499999964,0,0,3755,blue,false,right,78,4,right,blue,493,0
C42544,92,508843.91000000003,0,0,3755,blue,false,right,60,28,right,blue,712,0
C42544,93,512098.6850000004,1,99,3656,blue,true,right,56,99,right,blue,517,0
C42544,94,519181.9849999997,0,0,3656,blue,false,left,31,45,left,blue,800,0
C42544,95,522523.67999999976,0,0,3656,blue,false,right,55,16,right,blue,513,0
C42544,96,525589.8549999997,1,89,3567,blue,true,left,12,89,left,blue,628,0
C42544,97,528777.3350000002,0,0,3567,blue,false,left,49,4,left,blue,543,0
C42544,98,531858.5049999997,0,0,3567,blue,false,right,69,12,right,blue,516,0
C42544,99,534918.6649999997,1,26,3541,blue,true,right,49,26,right,blue,429,0
C42544,100,537904.6499999999,0,0,3541,blue,false,right,75,76,right,blue,697,0
C42544,101,541143.0949999999,1,22,3519,blue,false,right,22,90,left,orange,1105,0
C42544,102,544815.7200000001,1,23,3496,blue,true,left,26,23,left,blue,563,0
C42544,103,547921.3000000004,1,11,3485,blue,false,left,11,68,right,orange,891,0
C42544,104,551363.2750000001,1,82,3403,blue,true,left,71,82,left,blue,1482,0
C42544,105,555389.8599999998,0,0,3403,blue,false,right,86,95,right,blue,958,0
C42544,106,558891.3399999996,0,0,3403,blue,false,right,79,88,right,blue,718,0
C42544,107,562149.9449999997,0,0,3403,blue,false,right,75,40,right,blue,545,0
C42544,108,565248.2100000002,1,11,3392,blue,false,right,11,94,left,orange,956,0
C42544,109,568745.4750000002,1,44,3348,blue,true,left,53,44,left,blue,814,0
C42544,110,572099.4750000004,0,0,3348,blue,false,left,85,17,left,blue,523,0
C42544,111,575162.6849999998,1,32,3316,blue,true,left,85,32,left,blue,485,0
C42544,112,578208.7850000003,0,0,3316,blue,false,right,38,68,right,blue,806,0
C42544,113,581553.1400000005,1,28,3288,blue,false,right,28,93,left,orange,1015,0
C42544,114,585110.7500000002,1,13,3275,blue,false,left,13,95,right,orange,1000,0
C42544,115,588656.6449999996,0,0,3275,blue,false,left,69,60,left,blue,860,0
C42544,116,592041.5600000002,0,0,3275,blue,true,right,56,95,left,orange,975,0
C42544,117,595564.5250000003,1,2,3273,blue,false,right,2,41,left,orange,888,0
C42544,118,598991.5500000002,0,0,3273,blue,false,right,42,5,right,blue,551,0
C42544,119,602086.1499999997,0,0,3273,blue,false,left,44,30,left,blue,809,0
C42544,120,605434.745,0,0,3273,blue,false,left,79,4,left,blue,544,0
C42544,121,608508.4599999996,0,0,3273,blue,false,right,83,87,right,blue,1198,0
C42544,122,612241.63,0,0,3273,blue,false,right,59,44,right,blue,819,0
C42544,123,615597.9499999998,1,10,3263,blue,true,left,15,10,left,blue,538,0
C42544,124,618677.1949999997,0,0,3263,blue,false,left,60,15,left,blue,635,0
C42544,125,621847.0599999996,0,0,3263,blue,false,left,73,25,left,blue,616,0
C42544,126,624998.8399999997,0,0,3263,blue,false,right,43,23,right,blue,601,0
C42544,127,628141.8799999997,0,0,3263,blue,false,right,22,87,right,blue,764,0
C42544,128,631449.54,1,77,3186,blue,true,left,27,77,left,blue,1614,0
C42544,129,635617.1499999996,0,0,3186,blue,false,left,99,35,left,blue,1639,0
C42544,130,639795.7849999998,1,39,3147,blue,true,right,49,39,right,blue,607,0
C42544,131,642940.0650000002,0,0,3147,blue,false,left,83,60,left,blue,645,0
C42544,132,646121.8450000001,1,54,3093,blue,true,right,61,54,right,blue,752,0
C42544,133,649411.0750000004,0,0,3093,blue,false,left,82,34,left,blue,458,0
C42544,134,652393.3249999996,0,0,3093,blue,false,right,96,86,right,blue,449,0
C42544,135,655378.5800000001,0,0,3093,blue,false,left,65,27,left,blue,474,0
C42544,136,658385.06,0,0,3093,blue,false,left,63,93,left,blue,1460,0
C42544,137,662370.1900000001,0,0,3093,blue,false,right,65,40,right,blue,572,0
C42544,138,665492.1,1,7,3086,blue,false,left,7,69,right,orange,881,0
C42544,139,668919.4050000001,1,28,3058,blue,true,right,94,28,right,blue,668,0
C42544,140,672127.0499999996,0,0,3058,blue,false,left,90,4,left,blue,468,0
