Quiz_round,2,RESULT:,Steal2Goodness,Incorrect
num_trial,optionsPresented_time,outcome,loss_amount,running_total,anchor_stim,blue_aversive,blue_side,amount_orange,amount_blue,chosen_side,chosen_color,response_time,trial_repeat_count
C43737,1,146943,1,10,4990,blue,true,left,23,10,left,blue,734,0
C43737,2,150223,0,0,4990,blue,true,left,45,97,right,orange,801,0
C43737,3,153572,0,0,4990,blue,true,left,54,62,right,orange,754,0
C43737,4,156873,0,0,4990,blue,false,left,99,16,left,blue,988,0
C43737,5,160407,0,0,4990,blue,true,left,72,40,right,orange,642,0
C43737,6,163591,0,0,4990,blue,true,left,98,88,right,orange,704,0
C43737,7,166824,1,54,4936,blue,true,right,6,54,right,blue,782,0
C43737,8,170173,1,55,4881,blue,true,right,64,55,right,blue,940,0
C43737,9,173673,0,0,4881,blue,false,right,96,45,right,blue,722,0
C43737,10,176939,0,0,4881,blue,true,right,28,19,left,orange,846,0
C43737,11,180323,1,26,4855,blue,true,right,95,26,right,blue,876,0
C43737,12,183755,0,0,4855,blue,true,left,90,29,right,orange,550,0
C43737,13,186856,1,53,4802,blue,true,right,20,53,right,blue,769,0
C43737,14,190189,0,0,4802,blue,true,left,74,56,right,orange,893,0
C43737,15,193623,0,0,4802,blue,true,left,18,42,right,orange,610,0
C43737,16,196774,1,91,4711,blue,true,right,11,91,right,blue,673,0
C43737,17,200022,0,0,4711,blue,false,right,32,31,right,blue,1050,0
C43737,18,203604,1,65,4646,blue,true,right,36,65,right,blue,661,0
C43737,19,206820,0,0,4646,blue,false,right,40,30,right,blue,847,0
C43737,20,210205,1,26,4620,blue,true,left,29,26,left,blue,830,0
C43737,21,213588,1,32,4588,blue,false,left,32,36,right,orange,909,0
C43737,22,217053,1,81,4507,blue,true,right,72,81,right,blue,707,0
C43737,23,220321,0,0,4507,blue,false,right,95,54,right,blue,705,0
C43737,24,223586,1,40,4467,blue,false,right,40,59,left,orange,879,0
C43737,25,227018,0,0,4467,blue,false,right,29,24,right,blue,770,0
C43737,26,230337,0,0,4467,blue,false,left,60,51,left,blue,1002,0
C43737,27,233887,0,0,4467,blue,false,right,83,65,right,blue,1095,0
C43737,28,237520,0,0,4467,blue,true,left,78,98,right,orange,1004,0
C43737,29,241069,0,0,4467,blue,false,left,56,51,left,blue,1283,0
C43737,30,244887,0,0,4467,blue,false,right,5,20,right,blue,704,0
C43737,31,248137,0,0,4467,blue,false,right,67,2,right,blue,1127,0
C43737,32,251817,0,0,4467,blue,false,right,85,84,right,blue,1145,0
C43737,33,255505,0,0,4467,blue,true,right,7,49,left,orange,1001,0
C43737,34,259038,1,37,4430,blue,false,left,37,47,right,orange,1282,0
C43737,35,262869,1,27,4403,blue,false,right,27,91,left,orange,940,0
C43737,36,266369,0,0,4403,blue,false,right,44,42,right,blue,1563,0
C43737,37,270485,0,0,4403,blue,true,right,31,55,left,orange,834,0
C43737,38,273868,0,0,4403,blue,false,right,97,70,right,blue,801,0
C43737,39,277217,0,0,4403,blue,false,left,14,9,left,blue,660,0
C43737,40,280403,0,0,4403,blue,true,right,23,51,left,orange,766,0
C43737,41,283702,1,79,4324,blue,true,left,89,79,left,blue,985,0
C43737,42,287235,0,0,4324,blue,true,right,83,86,left,orange,907,0
C43737,43,290701,0,0,4324,blue,true,right,40,62,left,orange,879,0
C43737,44,294119,1,23,4301,blue,true,right,36,23,right,blue,1000,0
C43737,45,297685,1,61,4240,blue,true,left,65,61,left,blue,939,0
C43737,46,301184,1,67,4173,blue,true,left,74,67,left,blue,971,0
C43737,47,304701,1,41,4132,blue,true,right,73,41,right,blue,1001,0
C43737,48,312297,0,0,4132,blue,false,left,96,54,left,blue,1038,0
C43737,49,315868,1,88,4044,blue,true,left,86,88,left,blue,1079,0
C43737,50,319500,1,66,3978,blue,true,right,43,66,right,blue,910,0
C43737,51,322967,0,0,3978,blue,true,right,72,79,left,orange,861,0
C43737,52,326368,0,0,3978,blue,false,left,71,13,left,blue,752,0
C43737,53,329681,1,53,3925,blue,true,left,78,53,left,blue,878,0
C43737,54,333116,0,0,3925,blue,true,left,57,90,right,orange,892,0
C43737,55,336566,0,0,3925,blue,false,left,3,12,left,blue,644,0
C43737,56,339735,0,0,3925,blue,true,left,2,64,right,orange,877,0
C43737,57,343165,1,9,3916,blue,true,left,99,9,left,blue,738,0
C43737,58,346449,0,0,3916,blue,true,left,21,42,right,orange,971,0
C43737,59,349966,1,72,3844,blue,true,right,83,72,right,blue,1299,0
C43737,60,353832,1,11,3833,blue,true,left,37,11,left,blue,706,0
C43737,61,357082,1,67,3766,blue,false,left,67,81,right,orange,1127,0
C43737,62,360749,0,0,3766,blue,true,left,12,14,right,orange,1298,0
C43737,63,364583,1,78,3688,blue,false,left,78,90,right,orange,1343,0
C43737,64,368482,1,46,3642,blue,false,left,46,53,right,orange,1219,0
C43737,65,372265,1,30,3612,blue,false,left,30,42,right,orange,1049,0
C43737,66,375847,0,0,3612,blue,false,left,36,65,left,blue,56,0
C43737,67,378447,1,49,3563,blue,false,left,49,49,right,orange,1209,0
C43737,68,382214,0,0,3563,blue,false,left,44,10,left,blue,971,0
C43737,69,385731,0,0,3563,blue,false,right,70,64,right,blue,1111,0
C43737,70,389382,1,68,3495,blue,false,left,68,95,right,orange,986,0
C43737,71,392931,0,0,3495,blue,false,right,38,46,right,blue,1875,0
C43737,72,397331,0,0,3495,blue,false,left,18,24,left,blue,893,0
C43737,73,400796,0,0,3495,blue,false,left,82,78,left,blue,629,0
C43737,74,403964,0,0,3495,blue,false,left,59,54,left,blue,722,0
C43737,75,407246,0,0,3495,blue,false,right,36,33,right,blue,473,0
C43737,76,410279,1,56,3439,blue,true,left,49,56,left,blue,582,0
C43737,77,413413,0,0,3439,blue,false,right,26,83,right,blue,956,0
C43737,78,416928,0,0,3439,blue,false,left,38,81,left,blue,629,0
C43737,79,420080,0,0,3439,blue,false,right,12,3,right,blue,1111,0
C43737,80,423746,0,0,3439,blue,false,right,62,38,right,blue,1032,0
C43737,81,427313,1,43,3396,blue,false,left,43,50,right,orange,986,0
C43737,82,430863,0,0,3396,blue,false,left,50,47,left,blue,1110,0
C43737,83,434513,1,35,3361,blue,true,left,41,35,left,blue,923,0
C43737,84,437996,1,9,3352,blue,false,left,9,62,right,orange,783,0
C43737,85,441329,0,0,3352,blue,false,right,60,58,right,blue,954,0
C43737,86,444829,0,0,3352,blue,false,left,88,31,left,blue,893,0
C43737,87,448278,0,0,3352,blue,false,left,56,44,left,blue,1019,0
C43737,88,451829,1,15,3337,blue,true,left,31,15,left,blue,971,0
C43737,89,455361,0,0,3337,blue,false,right,90,31,right,blue,941,0
C43737,90,458843,0,0,3337,blue,false,left,80,76,left,blue,1050,0
C43737,91,462443,0,0,3337,blue,false,left,78,4,left,blue,643,0
C43737,92,465612,0,0,3337,blue,false,right,60,28,right,blue,815,0
C43737,93,468960,0,0,3337,blue,true,right,56,99,left,orange,910,0
C43737,94,476422,1,31,3306,blue,false,left,31,45,right,orange,1211,0
C43737,95,480177,0,0,3306,blue,false,right,55,16,right,blue,924,0
C43737,96,483628,0,0,3306,blue,true,right,12,89,left,orange,891,0
C43737,97,487044,0,0,3306,blue,false,right,49,4,right,blue,923,0
C43737,98,490494,0,0,3306,blue,false,right,69,12,right,blue,767,0
C43737,99,493810,1,26,3280,blue,true,left,49,26,left,blue,923,0
C43737,100,497292,0,0,3280,blue,false,right,75,76,right,blue,1221,0
C43737,101,501058,1,22,3258,blue,false,left,22,90,right,orange,722,0
C43737,102,504343,0,0,3258,blue,true,right,26,23,left,orange,722,0
C43737,103,507624,1,11,3247,blue,false,right,11,68,left,orange,956,0
C43737,104,511143,0,0,3247,blue,true,left,71,82,right,orange,1345,0
C43737,105,515040,1,86,3161,blue,false,right,86,95,left,orange,973,0
C43737,106,518576,1,79,3082,blue,false,right,79,88,left,orange,862,0
C43737,107,521992,0,0,3082,blue,false,right,75,40,right,blue,1127,0
C43737,108,525657,1,11,3071,blue,false,left,11,94,right,orange,832,0
C43737,109,529042,1,44,3027,blue,true,left,53,44,left,blue,1050,0
C43737,110,532642,0,0,3027,blue,false,left,85,17,left,blue,752,0
C43737,111,535940,1,32,2995,blue,true,left,85,32,left,blue,707,0
C43737,112,539208,1,38,2957,blue,false,left,38,68,right,orange,736,0
C43737,113,542508,0,0,2957,blue,false,right,28,93,right,blue,393,0
C43737,114,545457,1,13,2944,blue,false,right,13,95,left,orange,629,0
C43737,115,548624,0,0,2944,blue,false,left,69,60,left,blue,1205,0
C43737,116,552389,0,0,2944,blue,true,left,56,95,right,orange,754,0
C43737,117,555691,1,2,2942,blue,false,right,2,41,left,orange,706,0
C43737,118,558941,0,0,2942,blue,false,left,42,5,left,blue,1034,0
C43737,119,562522,0,0,2942,blue,false,right,44,30,right,blue,1034,0
C43737,120,566106,0,0,2942,blue,false,left,79,4,left,blue,692,0
C43737,121,569340,1,83,2859,blue,false,left,83,87,right,orange,1050,0
C43737,122,572940,0,0,2859,blue,false,right,59,44,right,blue,1001,0
C43737,123,576506,1,10,2849,blue,true,left,15,10,left,blue,737,0
C43737,124,579807,0,0,2849,blue,false,left,60,15,left,blue,767,0
C43737,125,583107,0,0,2849,blue,false,right,73,25,right,blue,1158,0
C43737,126,586822,0,0,2849,blue,false,right,43,23,right,blue,957,0
C43737,127,590308,1,22,2827,blue,false,right,22,87,left,orange,1219,0
C43737,128,594073,0,0,2827,blue,true,left,27,77,right,orange,1098,0
C43737,129,597706,0,0,2827,blue,false,left,99,35,left,blue,1001,0
C43737,130,601255,1,39,2788,blue,true,left,49,39,left,blue,692,0
C43737,131,604489,0,0,2788,blue,false,right,83,60,right,blue,877,0
C43737,132,607921,0,0,2788,blue,true,right,61,54,left,orange,1129,0
C43737,133,611574,0,0,2788,blue,false,right,82,34,right,blue,876,0
C43737,134,614987,0,0,2788,blue,false,left,96,86,left,blue,1394,0
C43737,135,618923,0,0,2788,blue,false,right,65,27,right,blue,1017,0
C43737,136,622472,1,63,2725,blue,false,left,63,93,right,orange,1329,0
C43737,137,626338,0,0,2725,blue,false,left,65,40,left,blue,1237,0
C43737,138,630121,1,7,2718,blue,false,right,7,69,left,orange,941,0
C43737,139,633621,1,28,2690,blue,true,left,94,28,left,blue,1674,0
C43737,140,637854,0,0,2690,blue,false,left,90,4,left,blue,676,0
