Quiz_round,2,RESULT:,-,allCorrect
num_trial,optionsPresented_time,outcome,loss_amount,running_total,anchor_stim,blue_aversive,blue_side,amount_orange,amount_blue,chosen_side,chosen_color,response_time,trial_repeat_count
C43883,1,220575.5,1,10,4990,blue,true,right,23,10,right,blue,1488,0
C43883,2,224620.39999999106,0,0,4990,blue,true,left,45,97,right,orange,1256,0
C43883,3,228422,0,0,4990,blue,true,left,54,62,right,orange,1254,0
C43883,4,232230.79999999702,0,0,4990,blue,false,right,99,16,right,blue,1661,0
C43883,5,236448.09999999404,1,40,4950,blue,true,right,72,40,right,blue,1196,0
C43883,6,240205.29999999702,0,0,4950,blue,true,left,98,88,right,orange,1575,0
C43883,7,244321.39999999106,0,0,4950,blue,true,right,6,54,left,orange,962,0
C43883,8,247842.09999999404,0,0,4950,blue,true,right,64,55,left,orange,1248,0
C43883,9,251646.20000000298,0,0,4950,blue,false,right,96,45,right,blue,1212,0
C43883,10,255416.39999999106,1,19,4931,blue,true,right,28,19,right,blue,1225,0
C43883,11,259204.29999999702,1,26,4905,blue,true,right,95,26,right,blue,1732,0
C43883,12,263506.39999999106,1,29,4876,blue,true,left,90,29,left,blue,1085,0
C43883,13,267168.09999999404,0,0,4876,blue,true,right,20,53,left,orange,1169,0
C43883,14,270883,0,0,4876,blue,true,left,74,56,right,orange,1915,0
C43883,15,275352.59999999404,0,0,4876,blue,true,left,18,42,right,orange,942,0
C43883,16,278839.299999997,0,0,4876,blue,true,left,11,91,right,orange,839,0
C43883,17,282228.200000003,1,32,4844,blue,false,left,32,31,right,orange,2178,0
C43883,18,286965,0,0,4844,blue,true,right,36,65,left,orange,1231,0
C43883,19,290742.89999999106,1,40,4804,blue,false,right,40,30,left,orange,2022,0
C43883,20,295322.89999999106,1,26,4778,blue,true,right,29,26,right,blue,1409,0
C43883,21,299291.700000003,1,32,4746,blue,false,left,32,36,right,orange,1488,0
C43883,22,303367,1,81,4665,blue,true,left,72,81,left,blue,756,0
C43883,23,306688.89999999106,0,0,4665,blue,false,left,95,54,left,blue,2832,0
C43883,24,312073.200000003,0,0,4665,blue,false,left,40,59,left,blue,840,0
C43883,25,315460.09999999404,0,0,4665,blue,false,right,29,24,right,blue,1053,0
C43883,26,319063.39999999106,0,0,4665,blue,false,left,60,51,left,blue,1081,0
C43883,27,322699,0,0,4665,blue,false,left,83,65,left,blue,981,0
C43883,28,326240.299999997,0,0,4665,blue,true,right,78,98,left,orange,2808,0
C43883,29,331591.89999999106,0,0,4665,blue,false,right,56,51,right,blue,1927,0
C43883,30,336063.59999999404,1,5,4660,blue,false,right,5,20,left,orange,1820,0
C43883,31,340450.39999999106,0,0,4660,blue,false,right,67,2,right,blue,948,0
C43883,32,343952.59999999404,0,0,4660,blue,false,left,85,84,left,blue,1548,0
C43883,33,348060.700000003,0,0,4660,blue,true,left,7,49,right,orange,1399,0
C43883,34,352015.59999999404,0,0,4660,blue,false,left,37,47,left,blue,1972,0
C43883,35,356552.299999997,1,27,4633,blue,false,right,27,91,left,orange,1322,0
C43883,36,360445.200000003,0,0,4633,blue,false,left,44,42,left,blue,1356,0
C43883,37,364354.299999997,1,55,4578,blue,true,left,31,55,left,blue,1729,0
C43883,38,368645.799999997,0,0,4578,blue,false,right,97,70,right,blue,1340,0
C43883,39,372534.5,0,0,4578,blue,false,left,14,9,left,blue,724,0
C43883,40,375803.299999997,0,0,4578,blue,true,left,23,51,right,orange,1759,0
C43883,41,380109,1,79,4499,blue,true,left,89,79,left,blue,1435,0
C43883,42,384098,0,0,4499,blue,true,left,83,86,right,orange,2900,0
C43883,43,389549.09999999404,0,0,4499,blue,true,right,40,62,left,orange,1018,0
C43883,44,393120,0,0,4499,blue,true,left,36,23,right,orange,1158,0
C43883,45,396824,0,0,4499,blue,true,left,65,61,right,orange,1053,0
C43883,46,400439.89999999106,0,0,4499,blue,true,right,74,67,left,orange,1719,0
C43883,47,404714.700000003,1,41,4458,blue,true,left,73,41,left,blue,931,0
C43883,48,412221.89999999106,0,0,4458,blue,false,right,96,54,right,blue,1375,0
C43883,49,416153.39999999106,0,0,4458,blue,true,right,86,88,left,orange,1250,0
C43883,50,419947.5,0,0,4458,blue,true,right,43,66,left,orange,968,0
C43883,51,423467,1,79,4379,blue,true,left,72,79,left,blue,1617,0
C43883,52,427655.39999999106,0,0,4379,blue,false,right,71,13,right,blue,1690,0
C43883,53,431892.39999999106,1,53,4326,blue,true,right,78,53,right,blue,2053,0
C43883,54,436513.09999999404,0,0,4326,blue,true,left,57,90,right,orange,1673,0
C43883,55,440751.700000003,1,3,4323,blue,false,right,3,12,left,orange,1505,0
C43883,56,444824.89999999106,0,0,4323,blue,true,right,2,64,left,orange,840,0
C43883,57,448214.39999999106,1,9,4314,blue,true,right,99,9,right,blue,1379,0
C43883,58,452154.299999997,0,0,4314,blue,true,right,21,42,left,orange,3621,0
C43883,59,458318.59999999404,0,0,4314,blue,true,right,83,72,left,orange,1328,0
C43883,60,462194.5,0,0,4314,blue,true,right,37,11,left,orange,1140,0
C43883,61,465892.59999999404,1,67,4247,blue,false,left,67,81,right,orange,1360,0
C43883,62,469814.09999999404,0,0,4247,blue,true,right,12,14,left,orange,1255,0
C43883,63,473618.89999999106,1,78,4169,blue,false,left,78,90,right,orange,839,0
C43883,64,477021.39999999106,1,46,4123,blue,false,left,46,53,right,orange,1535,0
C43883,65,481108.59999999404,0,0,4123,blue,false,left,30,42,left,blue,703,0
C43883,66,484349.09999999404,0,0,4123,blue,false,right,36,65,right,blue,694,0
C43883,67,487595,0,0,4123,blue,false,right,49,49,right,blue,823,0
C43883,68,490968.39999999106,0,0,4123,blue,false,left,44,10,left,blue,1354,0
C43883,69,494872.799999997,0,0,4123,blue,false,left,70,64,left,blue,704,0
C43883,70,498137.89999999106,0,0,4123,blue,false,left,68,95,left,blue,855,0
C43883,71,501546.200000003,0,0,4123,blue,false,left,38,46,left,blue,1200,0
C43883,72,505302.5,0,0,4123,blue,false,left,18,24,left,blue,1176,0
C43883,73,509036.200000003,0,0,4123,blue,false,right,82,78,right,blue,843,0
C43883,74,512422.299999997,0,0,4123,blue,false,left,59,54,left,blue,1290,0
C43883,75,516261.799999997,0,0,4123,blue,false,left,36,33,left,blue,985,0
C43883,76,519797.59999999404,1,56,4067,blue,true,left,49,56,left,blue,911,0
C43883,77,523266.09999999404,1,26,4041,blue,false,right,26,83,left,orange,789,0
C43883,78,526636.799999997,0,0,4041,blue,false,left,38,81,left,blue,785,0
C43883,79,529981.3999999911,0,0,4041,blue,false,left,12,3,left,blue,966,0
C43883,80,533493,0,0,4041,blue,false,right,62,38,right,blue,688,0
C43883,81,536727.700000003,0,0,4041,blue,false,left,43,50,left,blue,1101,0
C43883,82,540384.700000003,0,0,4041,blue,false,right,50,47,right,blue,986,0
C43883,83,543922.299999997,1,35,4006,blue,true,left,41,35,left,blue,1034,0
C43883,84,547522.8999999911,0,0,4006,blue,false,right,9,62,right,blue,1272,0
C43883,85,551344.099999994,0,0,4006,blue,false,right,60,58,right,blue,1090,0
C43883,86,554980.700000003,0,0,4006,blue,false,left,88,31,left,blue,661,0
C43883,87,558192.8999999911,0,0,4006,blue,false,right,56,44,right,blue,655,0
C43883,88,561403.8999999911,1,15,3991,blue,true,left,31,15,left,blue,1005,0
C43883,89,564975.299999997,0,0,3991,blue,false,left,90,31,left,blue,1009,0
C43883,90,568546.8999999911,0,0,3991,blue,false,left,80,76,left,blue,1525,0
C43883,91,572616,0,0,3991,blue,false,left,78,4,left,blue,646,0
C43883,92,575820.599999994,0,0,3991,blue,false,left,60,28,left,blue,690,0
C43883,93,579064.3999999911,0,0,3991,blue,true,right,56,99,left,orange,1949,0
C43883,94,587570.200000003,0,0,3991,blue,false,left,31,45,left,blue,3195,0
C43883,95,593328.299999997,0,0,3991,blue,false,right,55,16,right,blue,1891,0
C43883,96,597774.599999994,0,0,3991,blue,true,right,12,89,left,orange,2277,0
C43883,97,602596.099999994,0,0,3991,blue,false,right,49,4,right,blue,880,0
C43883,98,606031.5,0,0,3991,blue,false,left,69,12,left,blue,699,0
C43883,99,609282.299999997,1,26,3965,blue,true,right,49,26,right,blue,760,0
C43883,100,612612.3999999911,1,75,3890,blue,false,left,75,76,right,orange,1860,0
C43883,101,617026.5,1,22,3868,blue,false,right,22,90,left,orange,1598,0
C43883,102,621199.700000003,1,23,3845,blue,true,right,26,23,right,blue,593,0
C43883,103,624368.299999997,1,11,3834,blue,false,right,11,68,left,orange,873,0
C43883,104,627805.5,0,0,3834,blue,true,left,71,82,right,orange,2139,0
C43883,105,632494.200000003,1,86,3748,blue,false,left,86,95,right,orange,761,0
C43883,106,635812.099999994,1,79,3669,blue,false,left,79,88,right,orange,963,0
C43883,107,639339.5,0,0,3669,blue,false,right,75,40,right,blue,500,0
C43883,108,642385.299999997,0,0,3669,blue,false,left,11,94,left,blue,604,0
C43883,109,645538,1,44,3625,blue,true,left,53,44,left,blue,1052,0
C43883,110,649161,0,0,3625,blue,false,left,85,17,left,blue,1197,0
C43883,111,652909.099999994,1,32,3593,blue,true,left,85,32,left,blue,720,0
C43883,112,656191.299999997,1,38,3555,blue,false,left,38,68,right,orange,892,0
C43883,113,659637.299999997,1,28,3527,blue,false,right,28,93,left,orange,1294,0
C43883,114,663494.299999997,0,0,3527,blue,false,right,13,95,right,blue,1165,0
C43883,115,667216.599999994,0,0,3527,blue,false,left,69,60,left,blue,1459,0
C43883,116,671230.700000003,1,95,3432,blue,true,left,56,95,left,blue,1756,0
C43883,117,675551.3999999911,1,2,3430,blue,false,right,2,41,left,orange,1130,0
C43883,118,679253.299999997,0,0,3430,blue,false,right,42,5,right,blue,659,0
C43883,119,682456.799999997,0,0,3430,blue,false,left,44,30,left,blue,2536,0
C43883,120,687549.799999997,0,0,3430,blue,false,right,79,4,right,blue,794,0
C43883,121,690900.8999999911,0,0,3430,blue,false,right,83,87,right,blue,2945,0
C43883,122,696387.599999994,1,59,3371,blue,false,left,59,44,right,orange,1388,0
C43883,123,700326.3999999911,1,10,3361,blue,true,right,15,10,right,blue,639,0
C43883,124,703530.200000003,0,0,3361,blue,false,left,60,15,left,blue,676,0
C43883,125,706751.099999994,0,0,3361,blue,false,left,73,25,left,blue,685,0
C43883,126,709985.200000003,0,0,3361,blue,false,left,43,23,left,blue,733,0
C43883,127,713273.5,1,22,3339,blue,false,left,22,87,right,orange,713,0
C43883,128,716577.3999999911,0,0,3339,blue,true,right,27,77,left,orange,1835,0
C43883,129,720963.5,0,0,3339,blue,false,left,99,35,left,blue,911,0
C43883,130,724433.799999997,1,39,3300,blue,true,right,49,39,right,blue,1377,0
C43883,131,728387.200000003,0,0,3300,blue,false,left,83,60,left,blue,1439,0
C43883,132,732375.8999999911,1,54,3246,blue,true,right,61,54,right,blue,1291,0
C43883,133,736221.200000003,0,0,3246,blue,false,right,82,34,right,blue,733,0
C43883,134,739497.599999994,0,0,3246,blue,false,right,96,86,right,blue,815,0
C43883,135,742868.200000003,0,0,3246,blue,false,right,65,27,right,blue,652,0
C43883,136,746066,0,0,3246,blue,false,left,63,93,left,blue,1438,0
C43883,137,750059.200000003,0,0,3246,blue,false,left,65,40,left,blue,1317,0
C43883,138,753927.799999997,1,7,3239,blue,false,left,7,69,right,orange,2782,0
C43883,139,759286.099999994,1,28,3211,blue,true,left,94,28,left,blue,848,0
C43883,140,762705.700000003,0,0,3211,blue,false,right,90,4,right,blue,1228,0
