Quiz_round,2,RESULT:,Steal2Goodness,Incorrect
num_trial,optionsPresented_time,outcome,loss_amount,running_total,anchor_stim,blue_aversive,blue_side,amount_orange,amount_blue,chosen_side,chosen_color,response_time,trial_repeat_count
C43909,1,352503.1849999996,1,10,4990,blue,true,left,23,10,left,blue,1846,0
C43909,2,356877.95000000007,0,0,4990,blue,true,right,45,97,left,orange,1008,0
C43909,3,360419.9149999986,0,0,4990,blue,true,left,54,62,right,orange,1176,0
C43909,4,364134.8449999987,0,0,4990,blue,false,right,99,16,right,blue,734,0
C43909,5,367412.15499999997,1,40,4950,blue,true,right,72,40,right,blue,870,0
C43909,6,370818.70499999967,1,88,4862,blue,true,right,98,88,right,blue,748,0
C43909,7,374085.9299999993,0,0,4862,blue,true,right,6,54,left,orange,683,0
C43909,8,377307.26499999943,0,0,4862,blue,true,right,64,55,left,orange,960,0
C43909,9,380795.86999999994,0,0,4862,blue,false,right,96,45,right,blue,770,0
C43909,10,384104.05999999965,1,19,4843,blue,true,right,28,19,right,blue,749,0
C43909,11,387381.6599999991,1,26,4817,blue,true,left,95,26,left,blue,975,0
C43909,12,390897.8950000001,1,29,4788,blue,true,left,90,29,left,blue,972,0
C43909,13,394417.17999999854,0,0,4788,blue,true,left,20,53,right,orange,858,0
C43909,14,397809.16999999864,1,56,4732,blue,true,left,74,56,left,blue,831,0
C43909,15,401186.6599999994,0,0,4732,blue,true,left,18,42,right,orange,783,0
C43909,16,404501.4899999987,0,0,4732,blue,true,right,11,91,left,orange,775,0
C43909,17,407817.8599999992,1,32,4700,blue,false,left,32,31,right,orange,931,0
C43909,18,411288.84499999916,0,0,4700,blue,true,left,36,65,right,orange,756,0
C43909,19,414588.77499999834,1,40,4660,blue,false,right,40,30,left,orange,987,0
C43909,20,418107.684999999,1,26,4634,blue,true,right,29,26,right,blue,1320,0
C43909,21,421968.71499999904,1,32,4602,blue,false,right,32,36,left,orange,1234,0
C43909,22,425738.0699999994,1,81,4521,blue,true,left,72,81,left,blue,759,0
C43909,23,429038.8199999998,0,0,4521,blue,false,left,95,54,left,blue,796,0
C43909,24,432365.5199999994,1,40,4481,blue,false,left,40,59,right,orange,888,0
C43909,25,435791.7099999995,0,0,4481,blue,false,left,29,24,left,blue,696,0
C43909,26,439017.16999999917,0,0,4481,blue,false,left,60,51,left,blue,891,0
C43909,27,442438.6599999998,1,83,4398,blue,false,right,83,65,left,orange,618,0
C43909,28,445596.3449999999,1,98,4300,blue,true,right,78,98,right,blue,888,0
C43909,29,449013.20499999926,0,0,4300,blue,false,right,56,51,right,blue,1113,0
C43909,30,452663.13999999873,1,5,4295,blue,false,left,5,20,right,orange,802,0
C43909,31,456010.655,0,0,4295,blue,false,right,67,2,right,blue,805,0
C43909,32,459340.45499999955,0,0,4295,blue,false,right,85,84,right,blue,1191,0
C43909,33,463062.034999999,0,0,4295,blue,true,left,7,49,right,orange,776,0
C43909,34,466376.8199999995,1,37,4258,blue,false,left,37,47,right,orange,939,0
C43909,35,469847.05499999836,1,27,4231,blue,false,left,27,91,right,orange,845,0
C43909,36,473240.7249999996,0,0,4231,blue,false,left,44,42,left,blue,746,0
C43909,37,476512.7249999987,0,0,4231,blue,true,right,31,55,left,orange,1045,0
C43909,38,480089.9199999985,0,0,4231,blue,false,left,97,70,left,blue,1006,0
C43909,39,483639.02999999846,0,0,4231,blue,false,right,14,9,right,blue,875,0
C43909,40,487041.33999999973,0,0,4231,blue,true,right,23,51,left,orange,796,0
C43909,41,490363.26499999996,1,79,4152,blue,true,left,89,79,left,blue,1253,0
C43909,42,494151.9199999984,0,0,4152,blue,true,left,83,86,right,orange,861,0
C43909,43,497555.11999999906,1,62,4090,blue,true,left,40,62,left,blue,741,0
C43909,44,500828.0599999998,1,23,4067,blue,true,right,36,23,right,blue,1167,0
C43909,45,504530.26499999943,1,61,4006,blue,true,right,65,61,right,blue,791,0
C43909,46,507846.2899999995,0,0,4006,blue,true,right,74,67,left,orange,1302,0
C43909,47,511691.2749999992,0,0,4006,blue,true,right,73,41,left,orange,936,0
C43909,48,519163.85999999876,0,0,4006,blue,false,left,96,54,left,blue,1111,0
C43909,49,522807.74500000005,0,0,4006,blue,true,left,86,88,right,orange,1443,0
C43909,50,526780.605,0,0,4006,blue,true,left,43,66,right,orange,984,0
C43909,51,530303.0449999988,0,0,4006,blue,true,left,72,79,right,orange,1290,0
C43909,52,534128.5349999998,0,0,4006,blue,false,right,71,13,right,blue,1082,0
C43909,53,537742.4499999997,1,53,3953,blue,true,right,78,53,right,blue,891,0
C43909,54,541166.3899999985,0,0,3953,blue,true,right,57,90,left,orange,917,0
C43909,55,544617.7399999996,1,3,3950,blue,false,left,3,12,right,orange,879,0
C43909,56,548031.1099999999,0,0,3950,blue,true,left,2,64,right,orange,1292,0
C43909,57,551857.2249999997,1,9,3941,blue,true,left,99,9,left,blue,912,0
C43909,58,555316.8299999997,0,0,3941,blue,true,left,21,42,right,orange,933,0
C43909,59,558774.9349999995,1,72,3869,blue,true,right,83,72,right,blue,1350,0
C43909,60,562665.7799999993,1,11,3858,blue,true,right,37,11,right,blue,773,0
C43909,61,565982.2249999997,1,67,3791,blue,false,left,67,81,right,orange,878,0
C43909,62,569391.5699999998,1,14,3777,blue,true,left,12,14,left,blue,1132,0
C43909,63,573064.4549999997,1,78,3699,blue,false,right,78,90,left,orange,944,0
C43909,64,576553.1649999993,1,46,3653,blue,false,right,46,53,left,orange,998,0
C43909,65,580087.0999999988,1,30,3623,blue,false,left,30,42,right,orange,802,0
C43909,66,583424.0599999994,0,0,3623,blue,false,right,36,65,right,blue,838,0
C43909,67,586794.6349999984,0,0,3623,blue,false,right,49,49,right,blue,868,0
C43909,68,590187.0949999993,0,0,3623,blue,false,left,44,10,left,blue,852,0
C43909,69,593571.7899999999,0,0,3623,blue,false,left,70,64,left,blue,729,0
C43909,70,596833.8399999994,1,68,3555,blue,false,left,68,95,right,orange,761,0
C43909,71,600132.0699999996,1,38,3517,blue,false,left,38,46,right,orange,1584,0
C43909,72,604247.229999999,0,0,3517,blue,false,right,18,24,right,blue,704,0
C43909,73,607480.7099999998,0,0,3517,blue,false,right,82,78,right,blue,835,0
C43909,74,610859.6899999994,1,59,3458,blue,false,right,59,54,left,orange,713,0
C43909,75,614110.7299999985,1,36,3422,blue,false,right,36,33,left,orange,715,0
C43909,76,617365.4499999994,0,0,3422,blue,true,left,49,56,right,orange,779,0
C43909,77,620678.6049999992,0,0,3422,blue,false,right,26,83,right,blue,1016,0
C43909,78,624229.9699999985,0,0,3422,blue,false,right,38,81,right,blue,641,0
C43909,79,627395.344999999,1,12,3410,blue,false,left,12,3,right,orange,967,0
C43909,80,630893.8149999995,0,0,3410,blue,false,right,62,38,right,blue,767,0
C43909,81,634189.8799999999,0,0,3410,blue,false,left,43,50,left,blue,1347,0
C43909,82,638061.565,0,0,3410,blue,false,left,50,47,left,blue,484,0
C43909,83,641085.7199999992,1,35,3375,blue,true,left,41,35,left,blue,533,0
C43909,84,644150.8749999993,1,9,3366,blue,false,right,9,62,left,orange,1922,0
C43909,85,648609.1149999993,0,0,3366,blue,false,left,60,58,left,blue,597,0
C43909,86,651734.3199999996,0,0,3366,blue,false,right,88,31,right,blue,728,0
C43909,87,654987.04,1,56,3310,blue,false,left,56,44,right,orange,1033,0
C43909,88,658553.3349999987,0,0,3310,blue,true,right,31,15,left,orange,809,0
C43909,89,661898.76,0,0,3310,blue,false,left,90,31,left,blue,897,0
C43909,90,665324.96,0,0,3310,blue,false,right,80,76,right,blue,671,0
C43909,91,668534.9249999999,0,0,3310,blue,false,right,78,4,right,blue,524,0
C43909,92,671587.0349999986,0,0,3310,blue,false,left,60,28,left,blue,430,0
C43909,93,674549.1299999994,1,99,3211,blue,true,left,56,99,left,blue,528,0
C43909,94,681615.0149999994,1,31,3180,blue,false,left,31,45,right,orange,1716,0
C43909,95,685862.9799999999,0,0,3180,blue,false,right,55,16,right,blue,1150,0
C43909,96,689536.9499999997,0,0,3180,blue,true,left,12,89,right,orange,777,0
C43909,97,692857.8549999984,0,0,3180,blue,false,right,49,4,right,blue,729,0
C43909,98,696126.6749999996,0,0,3180,blue,false,right,69,12,right,blue,688,0
C43909,99,699347.8599999999,1,26,3154,blue,true,left,49,26,left,blue,700,0
C43909,100,702571.3149999992,0,0,3154,blue,false,right,75,76,right,blue,1308,0
C43909,101,706415.5449999998,1,22,3132,blue,false,right,22,90,left,orange,945,0
C43909,102,709890.1249999999,1,23,3109,blue,true,right,26,23,right,blue,1215,0
C43909,103,713628.4550000001,1,11,3098,blue,false,right,11,68,left,orange,747,0
C43909,104,716916.7249999992,0,0,3098,blue,true,right,71,82,left,orange,1198,0
C43909,105,720645.4999999987,0,0,3098,blue,false,right,86,95,right,blue,1861,0
C43909,106,725041.4699999983,0,0,3098,blue,false,left,79,88,left,blue,833,0
C43909,107,728404.1849999994,0,0,3098,blue,false,left,75,40,left,blue,601,0
C43909,108,731522.8699999988,0,0,3098,blue,false,right,11,94,right,blue,503,0
C43909,109,734551.41,1,44,3054,blue,true,left,53,44,left,blue,678,0
C43909,110,737767.3099999992,0,0,3054,blue,false,right,85,17,right,blue,583,0
C43909,111,740894.5049999984,1,32,3022,blue,true,left,85,32,left,blue,582,0
C43909,112,744021.4550000001,1,38,2984,blue,false,left,38,68,right,orange,883,0
C43909,113,747445.5549999984,0,0,2984,blue,false,left,28,93,left,blue,1042,0
C43909,114,751027.5649999985,1,13,2971,blue,false,left,13,95,right,orange,873,0
C43909,115,754435.8400000001,1,69,2902,blue,false,right,69,60,left,orange,1121,0
C43909,116,758095.5599999997,0,0,2902,blue,true,right,56,95,left,orange,947,0
C43909,117,761582.414999999,1,2,2900,blue,false,right,2,41,left,orange,572,0
C43909,118,764694.2849999996,0,0,2900,blue,false,right,42,5,right,blue,730,0
C43909,119,767945.9749999987,0,0,2900,blue,false,left,44,30,left,blue,786,0
C43909,120,771263.2099999991,0,0,2900,blue,false,left,79,4,left,blue,658,0
C43909,121,774453.5699999997,1,83,2817,blue,false,left,83,87,right,orange,1483,0
C43909,122,778471.0749999995,0,0,2817,blue,false,left,59,44,left,blue,898,0
C43909,123,781897.6699999985,0,0,2817,blue,true,right,15,10,left,orange,589,0
C43909,124,785025.2299999993,0,0,2817,blue,false,left,60,15,left,blue,463,0
C43909,125,788014.0699999993,0,0,2817,blue,false,right,73,25,right,blue,618,0
C43909,126,791170.2849999983,0,0,2817,blue,false,right,43,23,right,blue,649,0
C43909,127,794344.0149999987,1,22,2795,blue,false,right,22,87,left,orange,938,0
C43909,128,797828.1799999987,0,0,2795,blue,true,left,27,77,right,orange,653,0
C43909,129,801019.9899999988,0,0,2795,blue,false,right,99,35,right,blue,718,0
C43909,130,804274.2949999992,1,39,2756,blue,true,right,49,39,right,blue,686,0
C43909,131,807486.5849999988,0,0,2756,blue,false,left,83,60,left,blue,800,0
C43909,132,810825.0699999989,1,54,2702,blue,true,left,61,54,left,blue,735,0
C43909,133,814107.4599999993,0,0,2702,blue,false,left,82,34,left,blue,1023,0
C43909,134,817660.6099999989,0,0,2702,blue,false,left,96,86,left,blue,1041,0
C43909,135,821239.2049999998,0,0,2702,blue,false,left,65,27,left,blue,652,0
C43909,136,824427.8749999994,1,63,2639,blue,false,right,63,93,left,orange,519,0
C43909,137,827477.2949999988,0,0,2639,blue,false,left,65,40,left,blue,1223,0
C43909,138,831230.8749999993,1,7,2632,blue,false,left,7,69,right,orange,672,0
C43909,139,834437.6049999992,1,28,2604,blue,true,right,94,28,right,blue,852,0
C43909,140,837817.11,0,0,2604,blue,false,left,90,4,left,blue,475,0
