Quiz_round,2,RESULT:,SideGoodness,Incorrect
num_trial,optionsPresented_time,outcome,loss_amount,running_total,anchor_stim,blue_aversive,blue_side,amount_orange,amount_blue,chosen_side,chosen_color,response_time,trial_repeat_count
C44952,1,157654,1,10,4990,blue,true,left,23,10,left,blue,805,0
C44952,2,160985,1,97,4893,blue,true,right,45,97,right,blue,1523,0
C44952,3,165029,0,0,4893,blue,true,left,54,62,right,orange,436,0
C44952,4,167986,1,99,4794,blue,false,left,99,16,right,orange,574,0
C44952,5,171086,0,0,4794,blue,true,left,72,40,right,orange,541,0
C44952,6,174151,0,0,4794,blue,true,left,98,88,right,orange,501,0
C44952,7,177172,0,0,4794,blue,true,left,6,54,right,orange,398,0
C44952,8,180090,0,0,4794,blue,true,right,64,55,left,orange,1001,0
C44952,9,183611,1,96,4698,blue,false,left,96,45,right,orange,695,0
C44952,10,186830,0,0,4698,blue,true,left,28,19,right,orange,657,0
C44952,11,190006,0,0,4698,blue,true,right,95,26,left,orange,472,0
C44952,12,192996,0,0,4698,blue,true,right,90,29,left,orange,422,0
C44952,13,195937,0,0,4698,blue,true,left,20,53,right,orange,448,0
C44952,14,198907,1,56,4642,blue,true,right,74,56,right,blue,588,0
C44952,15,202014,1,42,4600,blue,true,left,18,42,left,blue,331,0
C44952,16,204867,0,0,4600,blue,true,left,11,91,right,orange,388,0
C44952,17,207772,1,32,4568,blue,false,right,32,31,left,orange,487,0
C44952,18,210785,0,0,4568,blue,true,right,36,65,left,orange,435,0
C44952,19,213740,1,40,4528,blue,false,right,40,30,left,orange,462,0
C44952,20,216725,1,26,4502,blue,true,left,29,26,left,blue,630,0
C44952,21,219879,0,0,4502,blue,false,right,32,36,right,blue,354,0
C44952,22,222757,1,81,4421,blue,true,right,72,81,right,blue,536,0
C44952,23,225814,0,0,4421,blue,false,left,95,54,left,blue,378,0
C44952,24,228709,0,0,4421,blue,false,left,40,59,left,blue,464,0
C44952,25,231689,0,0,4421,blue,false,left,29,24,left,blue,492,0
C44952,26,234700,1,60,4361,blue,false,right,60,51,left,orange,98,0
C44952,27,237316,1,83,4278,blue,false,right,83,65,left,orange,129,0
C44952,28,239967,1,98,4180,blue,true,left,78,98,left,blue,490,0
C44952,29,242979,0,0,4180,blue,false,left,56,51,left,blue,415,0
C44952,30,245911,0,0,4180,blue,false,right,5,20,right,blue,575,0
C44952,31,249004,0,0,4180,blue,false,left,67,2,left,blue,519,0
C44952,32,252038,0,0,4180,blue,false,right,85,84,right,blue,422,0
C44952,33,254975,1,49,4131,blue,true,right,7,49,right,blue,471,0
C44952,34,257966,1,37,4094,blue,false,right,37,47,left,orange,425,0
C44952,35,260916,0,0,4094,blue,false,right,27,91,right,blue,430,0
C44952,36,263865,0,0,4094,blue,false,right,44,42,right,blue,527,0
C44952,37,266914,1,55,4039,blue,true,left,31,55,left,blue,804,0
C44952,38,270243,0,0,4039,blue,false,right,97,70,right,blue,643,0
C44952,39,273403,0,0,4039,blue,false,left,14,9,left,blue,660,0
C44952,40,276583,1,51,3988,blue,true,left,23,51,left,blue,547,0
C44952,41,279655,1,79,3909,blue,true,left,89,79,left,blue,492,0
C44952,42,282660,1,86,3823,blue,true,left,83,86,left,blue,652,0
C44952,43,285830,1,62,3761,blue,true,left,40,62,left,blue,1061,0
C44952,44,289418,1,23,3738,blue,true,left,36,23,left,blue,610,0
C44952,45,292548,1,61,3677,blue,true,left,65,61,left,blue,466,0
C44952,46,295532,1,67,3610,blue,true,right,74,67,right,blue,648,0
C44952,47,298701,1,41,3569,blue,true,right,73,41,right,blue,585,0
C44952,48,305815,0,0,3569,blue,false,left,96,54,left,blue,651,0
C44952,49,308985,1,88,3481,blue,true,right,86,88,right,blue,469,0
C44952,50,311976,1,66,3415,blue,true,right,43,66,right,blue,474,0
C44952,51,314971,0,0,3415,blue,true,left,72,79,right,orange,633,0
C44952,52,318126,1,71,3344,blue,false,right,71,13,left,orange,467,0
C44952,53,321117,0,0,3344,blue,true,left,78,53,right,orange,588,0
C44952,54,324222,0,0,3344,blue,true,left,57,90,right,orange,497,0
C44952,55,327237,1,3,3341,blue,false,left,3,12,right,orange,499,0
C44952,56,330255,0,0,3341,blue,true,right,2,64,left,orange,582,0
C44952,57,333354,1,9,3332,blue,true,right,99,9,right,blue,664,0
C44952,58,336546,0,0,3332,blue,true,left,21,42,right,orange,471,0
C44952,59,339535,0,0,3332,blue,true,left,83,72,right,orange,1026,0
C44952,60,343082,0,0,3332,blue,true,left,37,11,right,orange,1689,0
C44952,61,347288,1,67,3265,blue,false,left,67,81,right,orange,457,0
C44952,62,350260,1,14,3251,blue,true,right,12,14,right,blue,1628,0
C44952,63,354412,1,78,3173,blue,false,right,78,90,left,orange,469,0
C44952,64,357404,0,0,3173,blue,false,right,46,53,right,blue,542,0
C44952,65,360463,0,0,3173,blue,false,left,30,42,left,blue,1424,0
C44952,66,364404,0,0,3173,blue,false,right,36,65,right,blue,499,0
C44952,67,367417,0,0,3173,blue,false,right,49,49,right,blue,432,0
C44952,68,370366,0,0,3173,blue,false,left,44,10,left,blue,398,0
C44952,69,373285,0,0,3173,blue,false,right,70,64,right,blue,511,0
C44952,70,376312,0,0,3173,blue,false,right,68,95,right,blue,1123,0
C44952,71,379952,0,0,3173,blue,false,right,38,46,right,blue,520,0
C44952,72,382989,0,0,3173,blue,false,right,18,24,right,blue,732,0
C44952,73,386238,0,0,3173,blue,false,right,82,78,right,blue,529,0
C44952,74,389287,0,0,3173,blue,false,right,59,54,right,blue,515,0
C44952,75,392319,0,0,3173,blue,false,right,36,33,right,blue,541,0
C44952,76,395382,0,0,3173,blue,true,right,49,56,left,orange,1242,0
C44952,77,399144,1,26,3147,blue,false,right,26,83,left,orange,335,0
C44952,78,402001,0,0,3147,blue,false,right,38,81,right,blue,331,0
C44952,79,404852,0,0,3147,blue,false,left,12,3,left,blue,361,0
C44952,80,407732,0,0,3147,blue,false,right,62,38,right,blue,407,0
C44952,81,410658,1,43,3104,blue,false,right,43,50,left,orange,450,0
C44952,82,413628,0,0,3104,blue,false,right,50,47,right,blue,87,0
C44952,83,416233,1,35,3069,blue,true,left,41,35,left,blue,465,0
C44952,84,419218,1,9,3060,blue,false,left,9,62,right,orange,434,0
C44952,85,422169,1,60,3000,blue,false,right,60,58,left,orange,562,0
C44952,86,425252,1,88,2912,blue,false,left,88,31,right,orange,427,0
C44952,87,428201,0,0,2912,blue,false,left,56,44,left,blue,2508,0
C44952,88,433227,1,15,2897,blue,true,left,31,15,left,blue,419,0
C44952,89,436164,0,0,2897,blue,false,left,90,31,left,blue,384,0
C44952,90,439068,1,80,2817,blue,false,right,80,76,left,orange,481,0
C44952,91,442074,1,78,2739,blue,false,left,78,4,right,orange,586,0
C44952,92,445183,0,0,2739,blue,false,right,60,28,right,blue,962,0
C44952,93,448663,0,0,2739,blue,true,right,56,99,left,orange,881,0
C44952,94,456065,1,31,2708,blue,false,left,31,45,right,orange,1309,0
C44952,95,459899,0,0,2708,blue,false,left,55,16,left,blue,620,0
C44952,96,463036,0,0,2708,blue,true,left,12,89,right,orange,538,0
C44952,97,466090,1,49,2659,blue,false,right,49,4,left,orange,352,0
C44952,98,468968,1,69,2590,blue,false,left,69,12,right,orange,932,0
C44952,99,472422,1,26,2564,blue,true,right,49,26,right,blue,557,0
C44952,100,475504,1,75,2489,blue,false,right,75,76,left,orange,166,0
C44952,101,478189,1,22,2467,blue,false,right,22,90,left,orange,521,0
C44952,102,481231,1,23,2444,blue,true,right,26,23,right,blue,403,0
C44952,103,484155,0,0,2444,blue,false,left,11,68,left,blue,438,0
C44952,104,487113,1,82,2362,blue,true,right,71,82,right,blue,541,0
C44952,105,490174,0,0,2362,blue,false,right,86,95,right,blue,568,0
C44952,106,493259,0,0,2362,blue,false,left,79,88,left,blue,670,0
C44952,107,496450,0,0,2362,blue,false,right,75,40,right,blue,700,0
C44952,108,499667,1,11,2351,blue,false,right,11,94,left,orange,697,0
C44952,109,502886,1,44,2307,blue,true,right,53,44,right,blue,862,0
C44952,110,506265,0,0,2307,blue,false,right,85,17,right,blue,531,0
C44952,111,509315,1,32,2275,blue,true,left,85,32,left,blue,999,0
C44952,112,512840,0,0,2275,blue,false,right,38,68,right,blue,617,0
C44952,113,515974,0,0,2275,blue,false,right,28,93,right,blue,464,0
C44952,114,518954,0,0,2275,blue,false,left,13,95,left,blue,484,0
C44952,115,521959,0,0,2275,blue,false,left,69,60,left,blue,3574,0
C44952,116,528051,1,95,2180,blue,true,left,56,95,left,blue,517,0
C44952,117,531093,0,0,2180,blue,false,right,2,41,right,blue,728,0
C44952,118,534337,0,0,2180,blue,false,left,42,5,left,blue,514,0
C44952,119,537370,0,0,2180,blue,false,left,44,30,left,blue,604,0
C44952,120,540487,0,0,2180,blue,false,left,79,4,left,blue,2295,0
C44952,121,545296,0,0,2180,blue,false,left,83,87,left,blue,388,0
C44952,122,548200,0,0,2180,blue,false,left,59,44,left,blue,473,0
C44952,123,551195,0,0,2180,blue,true,right,15,10,left,orange,610,0
C44952,124,554318,0,0,2180,blue,false,right,60,15,right,blue,588,0
C44952,125,557421,0,0,2180,blue,false,left,73,25,left,blue,516,0
C44952,126,560457,0,0,2180,blue,false,left,43,23,left,blue,691,0
C44952,127,563664,0,0,2180,blue,false,left,22,87,left,blue,545,0
C44952,128,566728,1,77,2103,blue,true,left,27,77,left,blue,655,0
C44952,129,569904,0,0,2103,blue,false,left,99,35,left,blue,627,0
C44952,130,573045,1,39,2064,blue,true,right,49,39,right,blue,760,0
C44952,131,576325,1,83,1981,blue,false,right,83,60,left,orange,129,0
C44952,132,578976,1,54,1927,blue,true,right,61,54,right,blue,485,0
C44952,133,581978,0,0,1927,blue,false,left,82,34,left,blue,446,0
C44952,134,584937,0,0,1927,blue,false,right,96,86,right,blue,845,0
C44952,135,588305,1,65,1862,blue,false,right,65,27,left,orange,631,0
C44952,136,591456,1,63,1799,blue,false,left,63,93,right,orange,651,0
C44952,137,594627,1,65,1734,blue,false,left,65,40,right,orange,515,0
C44952,138,597661,0,0,1734,blue,false,left,7,69,left,blue,526,0
C44952,139,600711,1,28,1706,blue,true,left,94,28,left,blue,443,0
C44952,140,603669,0,0,1706,blue,false,right,90,4,right,blue,498,0
