Quiz_round,2,RESULT:,SideGoodness,Incorrect
num_trial,optionsPresented_time,outcome,loss_amount,running_total,anchor_stim,blue_aversive,blue_side,amount_orange,amount_blue,chosen_side,chosen_color,response_time,trial_repeat_count
C45755,1,97198.70000000019,1,10,4990,blue,true,right,23,10,right,blue,1219,0
C45755,2,100971.70000000019,0,0,4990,blue,true,right,45,97,left,orange,807,0
C45755,3,104326.5,0,0,4990,blue,true,left,54,62,right,orange,581,0
C45755,4,107459.1000000001,1,99,4891,blue,false,left,99,16,right,orange,555,0
C45755,5,110582.70000000019,0,0,4891,blue,true,right,72,40,left,orange,680,0
C45755,6,113811.20000000019,0,0,4891,blue,true,left,98,88,right,orange,508,0
C45755,7,116854.1000000001,0,0,4891,blue,true,left,6,54,right,orange,491,0
C45755,8,119889.5,0,0,4891,blue,true,left,64,55,right,orange,541,0
C45755,9,122977.5,0,0,4891,blue,false,left,96,45,left,blue,671,0
C45755,10,126194.3999999999,0,0,4891,blue,true,right,28,19,left,orange,487,0
C45755,11,129224.29999999981,1,26,4865,blue,true,left,95,26,left,blue,707,0
C45755,12,132494,1,29,4836,blue,true,right,90,29,right,blue,628,0
C45755,13,135672.1000000001,0,0,4836,blue,true,right,20,53,left,orange,464,0
C45755,14,138669.5,0,0,4836,blue,true,right,74,56,left,orange,737,0
C45755,15,141940.7000000002,0,0,4836,blue,true,right,18,42,left,orange,549,0
C45755,16,145052.1000000001,0,0,4836,blue,true,right,11,91,left,orange,452,0
C45755,17,148034.3999999999,1,32,4804,blue,false,right,32,31,left,orange,334,0
C45755,18,150912.6000000001,0,0,4804,blue,true,left,36,65,right,orange,455,0
C45755,19,153898.7000000002,0,0,4804,blue,false,left,40,30,left,blue,569,0
C45755,20,157009.6000000001,1,26,4778,blue,true,left,29,26,left,blue,694,0
C45755,21,160257.5,1,32,4746,blue,false,right,32,36,left,orange,573,0
C45755,22,163377.6000000001,0,0,4746,blue,true,right,72,81,left,orange,596,0
C45755,23,166517.1000000001,1,95,4651,blue,false,right,95,54,left,orange,627,0
C45755,24,169702.1000000001,1,40,4611,blue,false,right,40,59,left,orange,563,0
C45755,25,172819.8999999999,1,29,4582,blue,false,left,29,24,right,orange,846,0
C45755,26,176212,1,60,4522,blue,false,right,60,51,left,orange,443,0
C45755,27,179214.1000000001,0,0,4522,blue,false,left,83,65,left,blue,633,0
C45755,28,182393.2999999998,0,0,4522,blue,true,right,78,98,left,orange,627,0
C45755,29,185556.6000000001,0,0,4522,blue,false,left,56,51,left,blue,734,0
C45755,30,188831,1,5,4517,blue,false,left,5,20,right,orange,675,0
C45755,31,192043.2999999998,0,0,4517,blue,false,right,67,2,right,blue,722,0
C45755,32,195301.7999999998,1,85,4432,blue,false,right,85,84,left,orange,760,0
C45755,33,198611.7000000002,0,0,4432,blue,true,right,7,49,left,orange,1847,0
C45755,34,203006.3999999999,1,37,4395,blue,false,right,37,47,left,orange,381,0
C45755,35,205938.8999999999,1,27,4368,blue,false,left,27,91,right,orange,567,0
C45755,36,209055,1,44,4324,blue,false,left,44,42,right,orange,450,0
C45755,37,212064.6000000001,0,0,4324,blue,true,right,31,55,left,orange,1253,0
C45755,38,215854,0,0,4324,blue,false,right,97,70,right,blue,689,0
C45755,39,219082,0,0,4324,blue,false,left,14,9,left,blue,629,0
C45755,40,222259,0,0,4324,blue,true,right,23,51,left,orange,442,0
C45755,41,225243.3999999999,1,79,4245,blue,true,left,89,79,left,blue,837,0
C45755,42,228626.6000000001,0,0,4245,blue,true,right,83,86,left,orange,379,0
C45755,43,231550.7000000002,0,0,4245,blue,true,right,40,62,left,orange,407,0
C45755,44,234502.8999999999,0,0,4245,blue,true,right,36,23,left,orange,703,0
C45755,45,237743.2000000002,0,0,4245,blue,true,right,65,61,left,orange,349,0
C45755,46,240630.2000000002,0,0,4245,blue,true,right,74,67,left,orange,322,0
C45755,47,243503.3999999999,0,0,4245,blue,true,right,73,41,left,orange,421,0
C45755,48,250468.7999999998,0,0,4245,blue,false,right,96,54,right,blue,570,0
C45755,49,253571.5,1,88,4157,blue,true,left,86,88,left,blue,530,0
C45755,50,256649.3999999999,0,0,4157,blue,true,left,43,66,right,orange,414,0
C45755,51,259608.7999999998,0,0,4157,blue,true,right,72,79,left,orange,497,0
C45755,52,262642.7000000002,0,0,4157,blue,false,left,71,13,left,blue,531,0
C45755,53,265711.7000000002,1,53,4104,blue,true,left,78,53,left,blue,480,0
C45755,54,268752.1000000001,0,0,4104,blue,true,right,57,90,left,orange,525,0
C45755,55,271823.6000000001,1,3,4101,blue,false,left,3,12,right,orange,947,0
C45755,56,275308,0,0,4101,blue,true,right,2,64,left,orange,368,0
C45755,57,278228.8999999999,1,9,4092,blue,true,right,99,9,right,blue,627,0
C45755,58,281413.6000000001,1,42,4050,blue,true,left,21,42,left,blue,636,0
C45755,59,284589.2999999998,0,0,4050,blue,true,left,83,72,right,orange,471,0
C45755,60,287596.8999999999,0,0,4050,blue,true,right,37,11,left,orange,414,0
C45755,61,290546.3999999999,1,67,3983,blue,false,left,67,81,right,orange,561,0
C45755,62,293659.1000000001,0,0,3983,blue,true,left,12,14,right,orange,379,0
C45755,63,296578.6000000001,1,78,3905,blue,false,right,78,90,left,orange,441,0
C45755,64,299568.2000000002,1,46,3859,blue,false,left,46,53,right,orange,395,0
C45755,65,302506.6000000001,1,30,3829,blue,false,right,30,42,left,orange,400,0
C45755,66,305452.1000000001,1,36,3793,blue,false,left,36,65,right,orange,622,0
C45755,67,308626.8999999999,1,49,3744,blue,false,right,49,49,left,orange,1931,0
C45755,68,313109.7000000002,1,44,3700,blue,false,left,44,10,right,orange,1850,0
C45755,69,317518.2000000002,0,0,3700,blue,false,left,70,64,left,blue,827,0
C45755,70,320875.7000000002,1,68,3632,blue,false,right,68,95,left,orange,846,0
C45755,71,324272.7000000002,1,38,3594,blue,false,right,38,46,left,orange,483,0
C45755,72,327310.1000000001,1,18,3576,blue,false,right,18,24,left,orange,557,0
C45755,73,330423.2000000002,0,0,3576,blue,false,right,82,78,right,blue,399,0
C45755,74,333360.7000000002,0,0,3576,blue,false,left,59,54,left,blue,989,0
C45755,75,336890.2999999998,1,36,3540,blue,false,right,36,33,left,orange,1653,0
C45755,76,341085.7999999998,0,0,3540,blue,true,left,49,56,right,orange,529,0
C45755,77,344156.7999999998,1,26,3514,blue,false,right,26,83,left,orange,594,0
C45755,78,347312.2999999998,1,38,3476,blue,false,right,38,81,left,orange,533,0
C45755,79,350402.6000000001,0,0,3476,blue,false,left,12,3,left,blue,636,0
C45755,80,353581.8999999999,0,0,3476,blue,false,right,62,38,right,blue,898,0
C45755,81,357029.8999999999,1,43,3433,blue,false,left,43,50,right,orange,669,0
C45755,82,360244.2999999998,0,0,3433,blue,false,left,50,47,left,blue,773,0
C45755,83,363558.1000000001,1,35,3398,blue,true,right,41,35,right,blue,820,0
C45755,84,366928.2000000002,1,9,3389,blue,false,left,9,62,right,orange,538,0
C45755,85,370016.1000000001,0,0,3389,blue,false,right,60,58,right,blue,608,0
C45755,86,373169.6000000001,0,0,3389,blue,false,left,88,31,left,blue,552,0
C45755,87,376262.2999999998,0,0,3389,blue,false,right,56,44,right,blue,437,0
C45755,88,379238.2999999998,0,0,3389,blue,true,left,31,15,right,orange,146,0
C45755,89,381908.5,1,90,3299,blue,false,left,90,31,right,orange,449,0
C45755,90,384896.1000000001,1,80,3219,blue,false,right,80,76,left,orange,480,0
C45755,91,387919.7000000002,1,78,3141,blue,false,left,78,4,right,orange,429,0
C45755,92,390913.7000000002,1,60,3081,blue,false,right,60,28,left,orange,539,0
C45755,93,393993.7999999998,0,0,3081,blue,true,left,56,99,right,orange,609,0
C45755,94,401152.5,0,0,3081,blue,false,left,31,45,left,blue,224,0
C45755,95,403915.2000000002,0,0,3081,blue,false,left,55,16,left,blue,328,0
C45755,96,406778.7999999998,1,89,2992,blue,true,right,12,89,right,blue,363,0
C45755,97,409670.7999999998,0,0,2992,blue,false,right,49,4,right,blue,494,0
C45755,98,412693.5,0,0,2992,blue,false,right,69,12,right,blue,510,0
C45755,99,415735,1,26,2966,blue,true,right,49,26,right,blue,308,0
C45755,100,418602,0,0,2966,blue,false,right,75,76,right,blue,653,0
C45755,101,421791.5,1,22,2944,blue,false,left,22,90,right,orange,520,0
C45755,102,424861.8999999999,0,0,2944,blue,true,left,26,23,right,orange,621,0
C45755,103,428032.2999999998,1,11,2933,blue,false,right,11,68,left,orange,442,0
C45755,104,431033,0,0,2933,blue,true,left,71,82,right,orange,1072,0
C45755,105,434645.8999999999,1,86,2847,blue,false,left,86,95,right,orange,454,0
C45755,106,437639.5,1,79,2768,blue,false,right,79,88,left,orange,541,0
C45755,107,440731.2999999998,1,75,2693,blue,false,left,75,40,right,orange,483,0
C45755,108,443773.5,1,11,2682,blue,false,right,11,94,left,orange,520,0
C45755,109,446851.2000000002,1,44,2638,blue,true,right,53,44,right,blue,488,0
C45755,110,449879,0,0,2638,blue,false,left,85,17,left,blue,530,0
C45755,111,452948.2000000002,1,32,2606,blue,true,right,85,32,right,blue,418,0
C45755,112,455918.5,0,0,2606,blue,false,left,38,68,left,blue,345,0
C45755,113,458799.2000000002,0,0,2606,blue,false,right,28,93,right,blue,369,0
C45755,114,461700.6000000001,1,13,2593,blue,false,left,13,95,right,orange,693,0
C45755,115,464948.3999999999,1,69,2524,blue,false,right,69,60,left,orange,551,0
C45755,116,468052.2999999998,1,95,2429,blue,true,left,56,95,left,blue,560,0
C45755,117,471162.2999999998,1,2,2427,blue,false,right,2,41,left,orange,555,0
C45755,118,474266.7999999998,0,0,2427,blue,false,right,42,5,right,blue,487,0
C45755,119,477280.1000000001,0,0,2427,blue,false,left,44,30,left,blue,373,0
C45755,120,480198.5,0,0,2427,blue,false,left,79,4,left,blue,403,0
C45755,121,483143.3999999999,0,0,2427,blue,false,left,83,87,left,blue,348,0
C45755,122,486042,0,0,2427,blue,false,left,59,44,left,blue,338,0
C45755,123,488909,1,10,2417,blue,true,right,15,10,right,blue,392,0
C45755,124,491862.8999999999,0,0,2417,blue,false,left,60,15,left,blue,366,0
C45755,125,494763.7999999998,0,0,2417,blue,false,right,73,25,right,blue,347,0
C45755,126,497653.7999999998,0,0,2417,blue,false,right,43,23,right,blue,372,0
C45755,127,500569.8999999999,1,22,2395,blue,false,right,22,87,left,orange,583,0
C45755,128,503702,1,77,2318,blue,true,left,27,77,left,blue,403,0
C45755,129,506657.5,0,0,2318,blue,false,right,99,35,right,blue,647,0
C45755,130,509851.5,1,39,2279,blue,true,right,49,39,right,blue,433,0
C45755,131,512823,0,0,2279,blue,false,left,83,60,left,blue,328,0
C45755,132,515692.7000000002,1,54,2225,blue,true,left,61,54,left,blue,393,0
C45755,133,518636,0,0,2225,blue,false,right,82,34,right,blue,433,0
C45755,134,521608.7000000002,0,0,2225,blue,false,right,96,86,right,blue,468,0
C45755,135,524621.5,0,0,2225,blue,false,left,65,27,left,blue,513,0
C45755,136,527672.7999999998,0,0,2225,blue,false,right,63,93,right,blue,561,0
C45755,137,530792.2000000002,0,0,2225,blue,false,left,65,40,left,blue,470,0
C45755,138,533804.1000000001,1,7,2218,blue,false,left,7,69,right,orange,657,0
C45755,139,537014.3999999999,1,28,2190,blue,true,right,94,28,right,blue,459,0
C45755,140,540030.2000000002,0,0,2190,blue,false,left,90,4,left,blue,356,0
