Quiz_round,2,RESULT:,SideGoodness,Incorrect
num_trial,optionsPresented_time,outcome,loss_amount,running_total,anchor_stim,blue_aversive,blue_side,amount_orange,amount_blue,chosen_side,chosen_color,response_time,trial_repeat_count
C46239,1,201751.19999998808,0,0,5000,blue,true,left,44,37,right,orange,2689,0
C46239,2,206977,1,12,4988,blue,true,right,66,12,right,blue,491,0
C46239,3,210011.5,1,9,4979,blue,true,left,98,9,left,blue,820,0
C46239,4,213371.60000002384,1,20,4959,blue,false,right,20,91,left,orange,673,0
C46239,5,216580.5,1,8,4951,blue,true,right,28,8,right,blue,446,0
C46239,6,219570.69999998808,0,0,4951,blue,true,left,30,33,right,orange,416,0
C46239,7,222532.80000001192,0,0,4951,blue,true,left,27,24,right,orange,330,0
C46239,8,225399.5,1,58,4893,blue,false,left,58,43,right,orange,401,0
C46239,9,228326.30000001192,0,0,4893,blue,true,right,72,47,left,orange,521,0
C46239,10,231380.19999998808,0,0,4893,blue,false,right,44,44,right,blue,610,0
C46239,11,234523.40000003576,1,26,4867,blue,true,right,69,26,right,blue,331,0
C46239,12,237404.30000001192,0,0,4867,blue,true,right,6,41,left,orange,1282,0
C46239,13,241219.30000001192,0,0,4867,blue,true,left,88,34,right,orange,441,0
C46239,14,244189.19999998808,1,73,4794,blue,false,right,73,18,left,orange,442,0
C46239,15,247173.19999998808,1,25,4769,blue,true,left,60,25,left,blue,429,0
C46239,16,250137.80000001192,1,6,4763,blue,true,right,68,6,right,blue,3,0
C46239,17,252691.10000002384,1,48,4715,blue,false,right,48,39,left,orange,329,0
C46239,18,255577.30000001192,1,76,4639,blue,true,right,35,76,right,blue,388,0
C46239,19,258490.40000003576,0,0,4639,blue,true,left,23,85,right,orange,462,0
C46239,20,261476.10000002384,0,0,4639,blue,true,left,54,22,right,orange,408,0
C46239,21,264423.5,1,66,4573,blue,false,left,66,58,right,orange,305,0
C46239,22,267272.40000003576,0,0,4573,blue,true,right,98,41,left,orange,17,0
C46239,23,269818.6999999881,0,0,4573,blue,true,left,58,80,right,orange,908,0
C46239,24,273260.90000003576,0,0,4573,blue,true,left,32,85,right,orange,460,0
C46239,25,276258.3000000119,1,83,4490,blue,false,left,83,15,right,orange,451,0
C46239,26,279238.6999999881,0,0,4490,blue,true,right,18,16,left,orange,1576,0
C46239,27,283353.60000002384,1,99,4391,blue,true,left,56,99,left,blue,916,0
C46239,28,286821.6999999881,0,0,4391,blue,true,left,23,75,right,orange,348,0
C46239,29,289718,1,18,4373,blue,true,right,68,18,right,blue,360,0
C46239,30,292617.60000002384,1,16,4357,blue,true,right,30,16,right,blue,411,0
C46239,31,295557.40000003576,1,37,4320,blue,true,right,86,37,right,blue,269,0
C46239,32,298364.5,1,44,4276,blue,true,right,47,44,right,blue,419,0
C46239,33,301319.8000000119,1,91,4185,blue,true,right,3,91,right,blue,1,0
C46239,34,303867,1,60,4125,blue,false,right,60,14,left,orange,342,0
C46239,35,306750.6999999881,1,84,4041,blue,true,right,54,84,right,blue,135,0
C46239,36,309421.1999999881,0,0,4041,blue,true,left,34,23,right,orange,314,0
C46239,37,312267.3000000119,0,0,4041,blue,true,left,96,28,right,orange,327,0
C46239,38,315133.60000002384,0,0,4041,blue,false,left,83,94,left,blue,2282,0
C46239,39,319946.10000002384,1,86,3955,blue,true,left,63,86,left,blue,482,0
C46239,40,322973.60000002384,1,53,3902,blue,true,right,99,53,right,blue,538,0
C46239,41,326044.90000003576,0,0,3902,blue,true,right,29,91,left,orange,389,0
C46239,42,328982.3000000119,0,0,3902,blue,true,right,88,64,left,orange,356,0
C46239,43,331872,1,70,3832,blue,true,left,84,70,left,blue,496,0
C46239,44,334906.5,1,61,3771,blue,false,left,61,88,right,orange,354,0
C46239,45,337793.40000003576,1,43,3728,blue,true,right,61,43,right,blue,124,0
C46239,46,340454.3000000119,1,54,3674,blue,true,left,87,54,left,blue,25,0
C46239,47,343020.40000003576,1,5,3669,blue,false,left,5,90,right,orange,145,0
C46239,48,349723.1999999881,0,0,3669,blue,true,left,71,44,right,orange,745,0
C46239,49,353001.5,1,52,3617,blue,true,right,42,52,right,blue,127,0
C46239,50,355665.90000003576,1,93,3524,blue,true,right,39,93,right,blue,127,0
C46239,51,358324.90000003576,1,24,3500,blue,true,right,39,24,right,blue,161,0
C46239,52,361025.40000003576,1,20,3480,blue,false,right,20,10,left,orange,3,0
C46239,53,363566.40000003576,0,0,3480,blue,false,right,85,43,right,blue,158,0
C46239,54,366259.5,1,77,3403,blue,false,left,77,7,right,orange,351,0
C46239,55,369137.5,1,90,3313,blue,true,right,95,90,right,blue,652,0
C46239,56,372320.8000000119,0,0,3313,blue,true,right,56,7,left,orange,1300,0
C46239,57,376163,1,69,3244,blue,true,left,50,69,left,blue,61,0
C46239,58,378770.60000002384,1,83,3161,blue,true,left,4,83,left,blue,129,0
C46239,59,381431.8000000119,0,0,3161,blue,false,left,40,8,left,blue,121,0
C46239,60,384096.8000000119,0,0,3161,blue,true,right,47,86,left,orange,422,0
C46239,61,403645.10000002384,0,0,3161,blue,true,left,15,49,right,orange,543,3
C46239,62,406713,0,0,3161,blue,true,left,17,39,right,orange,154,0
C46239,63,409405.8000000119,1,76,3085,blue,false,left,76,97,right,orange,267,0
C46239,64,412216.10000002384,1,14,3071,blue,true,right,73,14,right,blue,311,0
C46239,65,415070.5,0,0,3071,blue,true,right,67,29,left,orange,3311,0
C46239,66,420911.5,1,39,3032,blue,true,left,48,39,left,blue,415,0
C46239,67,423863.6999999881,1,99,2933,blue,true,left,30,99,left,blue,465,0
C46239,68,426872.10000002384,0,0,2933,blue,false,right,13,20,right,blue,6,0
C46239,69,429409.1999999881,0,0,2933,blue,true,left,66,59,right,orange,423,0
C46239,70,432370.10000002384,1,60,2873,blue,true,right,20,60,right,blue,552,0
C46239,71,435445.8000000119,1,25,2848,blue,true,right,41,25,right,blue,596,0
C46239,72,438580.90000003576,0,0,2848,blue,false,left,76,70,left,blue,20,0
C46239,73,441118.6999999881,1,73,2775,blue,false,right,73,18,left,orange,364,0
C46239,74,444029.5,0,0,2775,blue,false,left,41,80,left,blue,1389,0
C46239,75,447953,0,0,2775,blue,true,right,25,76,left,orange,372,0
C46239,76,450854.8000000119,1,34,2741,blue,false,right,34,52,left,orange,522,0
C46239,77,453918.8000000119,1,30,2711,blue,false,right,30,60,left,orange,202,0
C46239,78,456654.60000002384,0,0,2711,blue,false,right,91,36,right,blue,1834,0
C46239,79,461029.90000003576,1,70,2641,blue,false,left,70,59,right,orange,334,0
C46239,80,463908.6999999881,0,0,2641,blue,true,left,64,47,right,orange,35,0
C46239,81,466478.5,0,0,2641,blue,false,right,28,44,right,blue,1755,0
C46239,82,470761.3000000119,0,0,2641,blue,false,right,2,80,right,blue,224,0
C46239,83,473526.60000002384,1,20,2621,blue,false,left,20,39,right,orange,572,0
C46239,84,476641.8000000119,0,0,2621,blue,false,left,32,61,left,blue,188,0
C46239,85,479364.3000000119,1,90,2531,blue,false,right,90,61,left,orange,447,0
C46239,86,482348.6999999881,1,70,2461,blue,true,left,62,70,left,blue,1224,0
C46239,87,486112.3000000119,0,0,2461,blue,false,right,17,33,right,blue,282,0
C46239,88,488934.10000002384,0,0,2461,blue,false,right,74,17,right,blue,600,0
C46239,89,492066.5,0,0,2461,blue,false,left,2,85,left,blue,423,0
C46239,90,495047.5,1,39,2422,blue,false,left,39,76,right,orange,536,0
C46239,91,498113.1999999881,0,0,2422,blue,false,left,70,20,left,blue,619,0
C46239,92,501273.10000002384,1,69,2353,blue,true,left,24,69,left,blue,518,0
C46239,93,504333.3000000119,1,52,2301,blue,true,right,59,52,right,blue,635,0
C46239,94,511518.60000002384,0,0,2301,blue,false,left,15,43,left,blue,442,0
C46239,95,514489,1,34,2267,blue,true,right,50,34,right,blue,362,0
C46239,96,517399.5,0,0,2267,blue,false,right,43,48,right,blue,541,0
C46239,97,520472.40000003576,1,35,2232,blue,true,right,14,35,right,blue,806,0
C46239,98,523811.3000000119,0,0,2232,blue,true,left,12,42,right,orange,418,0
C46239,99,526766.9000000358,0,0,2232,blue,true,left,40,44,right,orange,361,0
C46239,100,529667,0,0,2232,blue,true,left,88,50,right,orange,376,0
C46239,101,532576.6999999881,0,0,2232,blue,true,right,51,19,left,orange,553,0
C46239,102,535672.6000000238,0,0,2232,blue,true,left,44,59,right,orange,306,0
C46239,103,538501,1,9,2223,blue,true,left,23,9,left,blue,398,0
C46239,104,541430.9000000358,0,0,2223,blue,true,right,23,76,left,orange,494,0
C46239,105,544462.6999999881,0,0,2223,blue,true,right,94,47,left,orange,377,0
C46239,106,547367.1000000238,1,67,2156,blue,false,right,67,56,left,orange,433,0
C46239,107,550342.9000000358,0,0,2156,blue,true,right,50,16,left,orange,1139,0
C46239,108,554025.1000000238,1,7,2149,blue,true,right,83,7,right,blue,527,0
C46239,109,557091,1,41,2108,blue,true,left,86,41,left,blue,1716,0
C46239,110,561348.5,1,37,2071,blue,true,right,61,37,right,blue,412,0
C46239,111,564295.5,0,0,2071,blue,false,left,82,57,left,blue,724,0
C46239,112,567549.4000000358,0,0,2071,blue,false,left,68,28,left,blue,359,0
C46239,113,570441.1000000238,0,0,2071,blue,false,right,65,76,right,blue,470,0
C46239,114,573453.1000000238,0,0,2071,blue,false,right,25,19,right,blue,580,0
C46239,115,576566.3000000119,0,0,2071,blue,false,left,67,68,left,blue,403,0
C46239,116,579493,0,0,2071,blue,false,left,82,68,left,blue,343,0
C46239,117,582373.9000000358,0,0,2071,blue,false,right,88,19,right,blue,1226,0
C46239,118,586140.6000000238,1,11,2060,blue,true,left,55,11,left,blue,1932,0
C46239,119,590604,1,36,2024,blue,true,right,74,36,right,blue,3665,0
C46239,120,596806.4000000358,0,0,2024,blue,false,right,18,64,right,blue,1639,0
C46239,121,600971.4000000358,0,0,2024,blue,false,left,15,3,left,blue,449,0
C46239,122,603950.8000000119,0,0,2024,blue,false,right,91,76,right,blue,393,0
C46239,123,606875.4000000358,0,0,2024,blue,false,right,66,92,right,blue,357,0
C46239,124,609781.1999999881,0,0,2024,blue,false,right,67,14,right,blue,781,0
C46239,125,613097,0,0,2024,blue,true,left,11,77,right,orange,670,0
C46239,126,616307.1000000238,1,36,1988,blue,false,right,36,20,left,orange,310,0
C46239,127,619171.9000000358,1,44,1944,blue,false,left,44,61,right,orange,1685,0
C46239,128,623380.6999999881,1,4,1940,blue,false,right,4,34,left,orange,821,0
C46239,129,626736.9000000358,0,0,1940,blue,false,left,86,63,left,blue,691,0
C46239,130,629954.8000000119,0,0,1940,blue,false,left,99,43,left,blue,832,0
C46239,131,633320.6999999881,0,0,1940,blue,true,right,95,56,left,orange,296,0
C46239,132,636156,0,0,1940,blue,false,right,89,63,right,blue,327,0
C46239,133,639008.4000000358,0,0,1940,blue,true,left,88,80,right,orange,293,0
C46239,134,641827,0,0,1940,blue,false,left,5,10,left,blue,601,0
C46239,135,644966.6999999881,0,0,1940,blue,true,left,35,80,right,orange,524,0
C46239,136,648028,0,0,1940,blue,true,left,8,57,right,orange,810,0
C46239,137,651374.9000000358,1,47,1893,blue,true,left,78,47,left,blue,420,0
C46239,138,654337.1000000238,0,0,1893,blue,true,left,5,99,right,orange,850,0
C46239,139,657717.1000000238,0,0,1893,blue,true,left,62,67,right,orange,691,0
C46239,140,660933.6999999881,1,95,1798,blue,false,left,95,27,right,orange,370,0
