Quiz_round,2,RESULT:,-,allCorrect
num_trial,optionsPresented_time,outcome,loss_amount,running_total,anchor_stim,blue_aversive,blue_side,amount_orange,amount_blue,chosen_side,chosen_color,response_time,trial_repeat_count
C46942,1,90498.20500000351,1,37,4963,blue,true,left,44,37,left,blue,1486,0
C46942,2,94527.24999999919,0,0,4963,blue,true,left,66,12,right,orange,439,0
C46942,3,97500.47500000073,0,0,4963,blue,true,left,98,9,right,orange,468,0
C46942,4,100504.56500000291,1,20,4943,blue,false,right,20,91,left,orange,1411,0
C46942,5,104457.08000000013,0,0,4943,blue,true,right,28,8,left,orange,1373,0
C46942,6,108360.73000000033,0,0,4943,blue,true,left,30,33,right,orange,421,0
C46942,7,111314.234999998,0,0,4943,blue,true,right,27,24,left,orange,485,0
C46942,8,114331.855000004,1,58,4885,blue,false,left,58,43,right,orange,553,0
C46942,9,117424.68000000372,0,0,4885,blue,true,right,72,47,left,orange,366,0
C46942,10,120322.07000000199,1,44,4841,blue,false,right,44,44,left,orange,540,0
C46942,11,123397.04499999789,1,26,4815,blue,true,right,69,26,right,blue,757,0
C46942,12,126703.30000000104,0,0,4815,blue,true,left,6,41,right,orange,417,0
C46942,13,129653.9000000048,0,0,4815,blue,true,left,88,34,right,orange,457,0
C46942,14,132639.58999999886,1,73,4742,blue,false,right,73,18,left,orange,369,0
C46942,15,135547.27000000275,0,0,4742,blue,true,left,60,25,right,orange,340,0
C46942,16,138423.73999999836,0,0,4742,blue,true,right,68,6,left,orange,471,0
C46942,17,141427.0400000023,1,48,4694,blue,false,right,48,39,left,orange,427,0
C46942,18,144392.14000000356,0,0,4694,blue,true,right,35,76,left,orange,332,0
C46942,19,147251.4500000034,0,0,4694,blue,true,right,23,85,left,orange,364,0
C46942,20,150150.4649999988,0,0,4694,blue,true,left,54,22,right,orange,385,0
C46942,21,153066.8300000034,1,66,4628,blue,false,right,66,58,left,orange,357,0
C46942,22,155960.8950000038,0,0,4628,blue,true,right,98,41,left,orange,439,0
C46942,23,158932.65999999858,0,0,4628,blue,true,right,58,80,left,orange,601,0
C46942,24,162067.99500000488,0,0,4628,blue,true,right,32,85,left,orange,843,0
C46942,25,165446.53000000108,1,83,4545,blue,false,left,83,15,right,orange,579,0
C46942,26,168559.18000000383,1,16,4529,blue,true,left,18,16,left,blue,743,0
C46942,27,171850.59500000352,0,0,4529,blue,true,right,56,99,left,orange,433,0
C46942,28,174826.74499999848,0,0,4529,blue,true,left,23,75,right,orange,471,0
C46942,29,177824.89999999962,0,0,4529,blue,true,left,68,18,right,orange,535,0
C46942,30,180890.70499999798,0,0,4529,blue,true,right,30,16,left,orange,690,0
C46942,31,184108.88500000146,0,0,4529,blue,true,right,86,37,left,orange,672,0
C46942,32,187312.165000003,0,0,4529,blue,true,left,47,44,right,orange,315,0
C46942,33,190160.73500000493,0,0,4529,blue,true,left,3,91,right,orange,458,0
C46942,34,193146.50999999867,1,60,4469,blue,false,right,60,14,left,orange,457,0
C46942,35,196150.83500000037,0,0,4469,blue,true,left,54,84,right,orange,446,0
C46942,36,199123.89000000258,0,0,4469,blue,true,left,34,23,right,orange,423,0
C46942,37,202073.69000000472,0,0,4469,blue,true,right,96,28,left,orange,840,0
C46942,38,205440.3949999978,1,83,4386,blue,false,left,83,94,right,orange,436,0
C46942,39,208411.57000000385,0,0,4386,blue,true,left,63,86,right,orange,708,0
C46942,40,211650.410000002,0,0,4386,blue,true,left,99,53,right,orange,399,0
C46942,41,214578.47000000038,0,0,4386,blue,true,left,29,91,right,orange,401,0
C46942,42,217509.08499999787,0,0,4386,blue,true,left,88,64,right,orange,346,0
C46942,43,220383.13500000368,0,0,4386,blue,true,left,84,70,right,orange,362,0
C46942,44,223275.88000000105,1,61,4325,blue,false,right,61,88,left,orange,359,0
C46942,45,226170.1050000047,0,0,4325,blue,true,right,61,43,left,orange,380,0
C46942,46,229080.26999999856,0,0,4325,blue,true,right,87,54,left,orange,451,0
C46942,47,232064.94000000384,1,5,4320,blue,false,right,5,90,left,orange,921,0
C46942,48,239548.37000000407,0,0,4320,blue,true,left,71,44,right,orange,604,0
C46942,49,242679.33500000072,0,0,4320,blue,true,left,42,52,right,orange,389,0
C46942,50,245603.12500000146,0,0,4320,blue,true,left,39,93,right,orange,371,0
C46942,51,248506.54500000383,0,0,4320,blue,true,left,39,24,right,orange,426,0
C46942,52,251461.7500000022,1,20,4300,blue,false,left,20,10,right,orange,321,0
C46942,53,254321.4850000004,1,85,4215,blue,false,right,85,43,left,orange,480,0
C46942,54,257345.19,1,77,4138,blue,false,left,77,7,right,orange,381,0
C46942,55,260265.43500000116,0,0,4138,blue,true,left,95,90,right,orange,449,0
C46942,56,263246.3399999979,0,0,4138,blue,true,left,56,7,right,orange,473,0
C46942,57,266246.8050000025,0,0,4138,blue,true,left,50,69,right,orange,577,0
C46942,58,269352.4099999995,0,0,4138,blue,true,left,4,83,right,orange,435,0
C46942,59,272318.2549999983,1,40,4098,blue,false,right,40,8,left,orange,553,0
C46942,60,275406.3349999997,0,0,4098,blue,true,right,47,86,left,orange,619,0
C46942,61,278551.90500000026,0,0,4098,blue,true,right,15,49,left,orange,578,0
C46942,62,281664.45499999827,0,0,4098,blue,true,right,17,39,left,orange,437,0
C46942,63,284629.5050000044,1,76,4022,blue,false,right,76,97,left,orange,480,0
C46942,64,287647.36000000266,0,0,4022,blue,true,right,73,14,left,orange,352,0
C46942,65,290528.115000001,0,0,4022,blue,true,right,67,29,left,orange,527,0
C46942,66,293587.6849999986,0,0,4022,blue,true,right,48,39,left,orange,644,0
C46942,67,296758.82500000444,0,0,4022,blue,true,left,30,99,right,orange,680,0
C46942,68,299965.830000001,1,13,4009,blue,false,right,13,20,left,orange,477,0
C46942,69,302984.79999999836,0,0,4009,blue,true,right,66,59,left,orange,528,0
C46942,70,306039.44500000216,0,0,4009,blue,true,left,20,60,right,orange,385,0
C46942,71,308956.1900000044,0,0,4009,blue,true,right,41,25,left,orange,442,0
C46942,72,311935.2199999994,1,76,3933,blue,false,left,76,70,right,orange,576,0
C46942,73,315052.9050000041,1,73,3860,blue,false,right,73,18,left,orange,418,0
C46942,74,318010.3500000041,1,41,3819,blue,false,right,41,80,left,orange,489,0
C46942,75,321040.0000000009,1,76,3743,blue,true,left,25,76,left,blue,432,0
C46942,76,324011.8700000021,1,34,3709,blue,false,left,34,52,right,orange,443,0
C46942,77,326994.36499999865,1,30,3679,blue,false,right,30,60,left,orange,427,0
C46942,78,329961.08500000264,0,0,3679,blue,false,right,91,36,right,blue,382,0
C46942,79,332876.9450000036,0,0,3679,blue,false,right,70,59,right,blue,353,0
C46942,80,335761.599999998,1,47,3632,blue,true,right,64,47,right,blue,426,0
C46942,81,338730.0749999995,0,0,3632,blue,false,right,28,44,right,blue,390,0
C46942,82,341654.2699999991,0,0,3632,blue,false,left,2,80,left,blue,450,0
C46942,83,344631.49500000145,0,0,3632,blue,false,left,20,39,left,blue,471,0
C46942,84,347632.39500000054,0,0,3632,blue,false,right,32,61,right,blue,910,0
C46942,85,351070.14000000345,0,0,3632,blue,false,left,90,61,left,blue,460,0
C46942,86,354057.8949999981,1,70,3562,blue,true,right,62,70,right,blue,434,0
C46942,87,357034.3500000017,0,0,3562,blue,false,right,17,33,right,blue,642,0
C46942,88,360205.1300000021,0,0,3562,blue,false,right,74,17,right,blue,450,0
C46942,89,363189.70999999874,0,0,3562,blue,false,right,2,85,right,blue,505,0
C46942,90,366226.545000005,0,0,3562,blue,false,left,39,76,left,blue,499,0
C46942,91,369258.79500000156,0,0,3562,blue,false,right,70,20,right,blue,497,0
C46942,92,372284.63999999803,1,69,3493,blue,true,left,24,69,left,blue,542,0
C46942,93,375368.6850000013,0,0,3493,blue,true,left,59,52,right,orange,419,0
C46942,94,382320.5549999984,0,0,3493,blue,false,left,15,43,left,blue,683,0
C46942,95,385533.06000000157,1,34,3459,blue,true,right,50,34,right,blue,378,0
C46942,96,388451.50000000285,0,0,3459,blue,false,right,43,48,right,blue,447,0
C46942,97,391428.59500000486,1,35,3424,blue,true,right,14,35,right,blue,442,0
C46942,98,394421.580000002,0,0,3424,blue,true,right,12,42,left,orange,620,0
C46942,99,397574.48999999906,0,0,3424,blue,true,right,40,44,left,orange,304,0
C46942,100,400407.83000000374,0,0,3424,blue,true,right,88,50,left,orange,431,0
C46942,101,403373.41000000015,0,0,3424,blue,true,left,51,19,right,orange,739,0
C46942,102,406647.65500000067,0,0,3424,blue,true,left,44,59,right,orange,474,0
C46942,103,409653.9000000048,0,0,3424,blue,true,left,23,9,right,orange,424,0
C46942,104,412610.67500000354,0,0,3424,blue,true,right,23,76,left,orange,360,0
C46942,105,415499.9450000032,0,0,3424,blue,true,left,94,47,right,orange,463,0
C46942,106,418490.4400000014,1,67,3357,blue,false,left,67,56,right,orange,340,0
C46942,107,421370.3349999996,0,0,3357,blue,true,right,50,16,left,orange,380,0
C46942,108,424286.4499999996,0,0,3357,blue,true,right,83,7,left,orange,432,0
C46942,109,427251.185000001,0,0,3357,blue,true,left,86,41,right,orange,343,0
C46942,110,430126.2199999983,0,0,3357,blue,true,right,61,37,left,orange,412,0
C46942,111,433070.67500000267,1,82,3275,blue,false,left,82,57,right,orange,350,0
C46942,112,435962.8850000008,1,68,3207,blue,false,left,68,28,right,orange,370,0
C46942,113,438883.894999999,1,65,3142,blue,false,right,65,76,left,orange,368,0
C46942,114,441790.12499999953,1,25,3117,blue,false,right,25,19,left,orange,471,0
C46942,115,444805.2949999983,0,0,3117,blue,false,right,67,68,right,blue,512,0
C46942,116,447846.6499999995,1,82,3035,blue,false,left,82,68,right,orange,565,0
C46942,117,450951.9450000007,1,88,2947,blue,false,right,88,19,left,orange,595,0
C46942,118,454086.00000000297,0,0,2947,blue,true,left,55,11,right,orange,1176,0
C46942,119,457796.2600000028,0,0,2947,blue,true,left,74,36,right,orange,699,0
C46942,120,461027.8550000003,1,18,2929,blue,false,right,18,64,left,orange,361,0
C46942,121,463928.7550000008,0,0,2929,blue,false,right,15,3,right,blue,454,0
C46942,122,466910.3699999978,1,91,2838,blue,false,left,91,76,right,orange,504,0
C46942,123,469965.7650000008,1,66,2772,blue,false,left,66,92,right,orange,480,0
C46942,124,472980.98500000197,0,0,2772,blue,false,left,67,14,left,blue,380,0
C46942,125,475890.42999999947,1,77,2695,blue,true,right,11,77,right,blue,589,0
C46942,126,479015.52000000083,0,0,2695,blue,false,left,36,20,left,blue,458,0
C46942,127,482008.9500000031,0,0,2695,blue,false,right,44,61,right,blue,393,0
C46942,128,484928.8700000034,0,0,2695,blue,false,right,4,34,right,blue,426,0
C46942,129,487881.570000005,0,0,2695,blue,false,left,86,63,left,blue,401,0
C46942,130,490812.5849999997,0,0,2695,blue,false,right,99,43,right,blue,565,0
C46942,131,493903.5999999978,1,56,2639,blue,true,right,95,56,right,blue,493,0
C46942,132,496941.5950000039,0,0,2639,blue,false,left,89,63,left,blue,577,0
C46942,133,500049.5200000005,1,80,2559,blue,true,left,88,80,left,blue,349,0
C46942,134,502943.045,0,0,2559,blue,false,right,5,10,right,blue,403,0
C46942,135,505875.5549999987,1,80,2479,blue,true,right,35,80,right,blue,348,0
C46942,136,508761.74000000174,1,57,2422,blue,true,right,8,57,right,blue,355,0
C46942,137,511661.7450000049,0,0,2422,blue,true,left,78,47,right,orange,396,0
C46942,138,514591.1550000019,0,0,2422,blue,true,right,5,99,left,orange,363,0
C46942,139,517484.0249999979,0,0,2422,blue,true,left,62,67,right,orange,394,0
C46942,140,520410.9549999994,1,95,2327,blue,false,right,95,27,left,orange,417,0
