Quiz_round,2,RESULT:,Steal1Goodness,Incorrect
num_trial,optionsPresented_time,outcome,loss_amount,running_total,anchor_stim,blue_aversive,blue_side,amount_orange,amount_blue,chosen_side,chosen_color,response_time,trial_repeat_count
C47270,1,126666.39999997616,0,0,5000,blue,true,left,44,37,right,orange,1197,0
C47270,2,130411.09999990463,0,0,5000,blue,true,left,66,12,right,orange,295,0
C47270,3,133251.39999997616,1,9,4991,blue,true,left,98,9,left,blue,255,0
C47270,4,136059.5,1,20,4971,blue,false,right,20,91,left,orange,250,0
C47270,5,138876.09999990463,0,0,4971,blue,true,left,28,8,right,orange,216,0
C47270,6,141638.39999997616,1,33,4938,blue,true,right,30,33,right,blue,458,0
C47270,7,144656.19999992847,1,24,4914,blue,true,right,27,24,right,blue,641,0
C47270,8,147847.89999997616,0,0,4914,blue,false,right,58,43,right,blue,418,0
C47270,9,150813.39999997616,0,0,4914,blue,true,left,72,47,right,orange,258,0
C47270,10,153628.39999997616,0,0,4914,blue,false,left,44,44,left,blue,1813,0
C47270,11,157983.19999992847,1,26,4888,blue,true,left,69,26,left,blue,437,0
C47270,12,160999.89999997616,0,0,4888,blue,true,left,6,41,right,orange,626,0
C47270,13,164180.5,0,0,4888,blue,true,right,88,34,left,orange,437,0
C47270,14,167166.69999992847,0,0,4888,blue,false,left,73,18,left,blue,595,0
C47270,15,170317,1,25,4863,blue,true,left,60,25,left,blue,354,0
C47270,16,173225.29999995232,0,0,4863,blue,true,right,68,6,left,orange,634,0
C47270,17,176393.79999995232,1,48,4815,blue,false,right,48,39,left,orange,536,0
C47270,18,179476.39999997616,0,0,4815,blue,true,right,35,76,left,orange,422,0
C47270,19,182434.29999995232,1,85,4730,blue,true,left,23,85,left,blue,401,0
C47270,20,185390.09999990463,1,22,4708,blue,true,left,54,22,left,blue,3874,0
C47270,21,191807.79999995232,1,66,4642,blue,false,left,66,58,right,orange,1220,0
C47270,22,195595.19999992847,1,41,4601,blue,true,right,98,41,right,blue,386,0
C47270,23,198532.39999997616,1,80,4521,blue,true,right,58,80,right,blue,234,0
C47270,24,201332.89999997616,1,85,4436,blue,true,right,32,85,right,blue,399,0
C47270,25,204275.39999997616,0,0,4436,blue,false,left,83,15,left,blue,343,0
C47270,26,207159.09999990463,1,16,4420,blue,true,left,18,16,left,blue,241,0
C47270,27,209955,1,99,4321,blue,true,right,56,99,right,blue,335,0
C47270,28,212843.29999995232,0,0,4321,blue,true,right,23,75,left,orange,393,0
C47270,29,215785.69999992847,0,0,4321,blue,true,left,68,18,right,orange,377,0
C47270,30,218700.39999997616,1,16,4305,blue,true,left,30,16,left,blue,429,0
C47270,31,221691.59999990463,0,0,4305,blue,true,left,86,37,right,orange,283,0
C47270,32,224507.89999997616,0,0,4305,blue,true,right,47,44,left,orange,256,0
C47270,33,227319.19999992847,1,91,4214,blue,true,left,3,91,left,blue,344,0
C47270,34,230227.29999995232,1,60,4154,blue,false,left,60,14,right,orange,233,0
C47270,35,233013.89999997616,1,84,4070,blue,true,right,54,84,right,blue,243,0
C47270,36,235806.79999995232,0,0,4070,blue,true,left,34,23,right,orange,748,0
C47270,37,239090.59999990463,1,28,4042,blue,true,right,96,28,right,blue,460,0
C47270,38,242100.69999992847,1,83,3959,blue,false,left,83,94,right,orange,307,0
C47270,39,244979.59999990463,1,86,3873,blue,true,left,63,86,left,blue,354,0
C47270,40,247887.39999997616,0,0,3873,blue,true,right,99,53,left,orange,571,0
C47270,41,250994.89999997616,0,0,3873,blue,true,right,29,91,left,orange,764,0
C47270,42,254297,0,0,3873,blue,true,left,88,64,right,orange,789,0
C47270,43,257630.09999990463,0,0,3873,blue,true,right,84,70,left,orange,592,0
C47270,44,260759.89999997616,1,61,3812,blue,false,right,61,88,left,orange,547,0
C47270,45,263861.6999999285,0,0,3812,blue,true,right,61,43,left,orange,544,0
C47270,46,266951.89999997616,0,0,3812,blue,true,right,87,54,left,orange,495,0
C47270,47,269989.1999999285,1,5,3807,blue,false,right,5,90,left,orange,580,0
C47270,48,277179.39999997616,1,44,3763,blue,true,left,71,44,left,blue,1331,0
C47270,49,281065.59999990463,1,52,3711,blue,true,left,42,52,left,blue,396,0
C47270,50,284009,1,93,3618,blue,true,left,39,93,left,blue,483,0
C47270,51,287044.2999999523,1,24,3594,blue,true,left,39,24,left,blue,521,0
C47270,52,290123.6999999285,0,0,3594,blue,false,right,20,10,right,blue,210,0
C47270,53,292902.59999990463,1,85,3509,blue,false,right,85,43,left,orange,413,0
C47270,54,295873.39999997616,0,0,3509,blue,false,left,77,7,left,blue,354,0
C47270,55,298762.7999999523,1,90,3419,blue,true,left,95,90,left,blue,838,0
C47270,56,302148.2999999523,0,0,3419,blue,true,right,56,7,left,orange,455,0
C47270,57,305137.89999997616,0,0,3419,blue,true,right,50,69,left,orange,277,0
C47270,58,307946.59999990463,0,0,3419,blue,true,right,4,83,left,orange,307,0
C47270,59,310800.89999997616,1,40,3379,blue,false,right,40,8,left,orange,292,0
C47270,60,313636.2999999523,1,86,3293,blue,true,left,47,86,left,blue,345,0
C47270,61,316542.6999999285,0,0,3293,blue,true,left,15,49,right,orange,960,0
C47270,62,320034.89999997616,0,0,3293,blue,true,left,17,39,right,orange,752,0
C47270,63,323326.1999999285,1,76,3217,blue,false,left,76,97,right,orange,278,0
C47270,64,326158.39999997616,1,14,3203,blue,true,left,73,14,left,blue,358,0
C47270,65,329058.59999990463,1,29,3174,blue,true,left,67,29,left,blue,450,0
C47270,66,332055.1999999285,1,39,3135,blue,true,left,48,39,left,blue,382,0
C47270,67,334979.39999997616,0,0,3135,blue,true,right,30,99,left,orange,279,0
C47270,68,337802.6999999285,0,0,3135,blue,false,left,13,20,left,blue,370,0
C47270,69,340711,1,59,3076,blue,true,left,66,59,left,blue,381,0
C47270,70,343655.89999997616,0,0,3076,blue,true,right,20,60,left,orange,462,0
C47270,71,346672.09999990463,0,0,3076,blue,true,right,41,25,left,orange,519,0
C47270,72,349730,0,0,3076,blue,false,left,76,70,left,blue,434,0
C47270,73,352706.2999999523,1,73,3003,blue,false,right,73,18,left,orange,433,0
C47270,74,355713.7999999523,1,41,2962,blue,false,right,41,80,left,orange,222,0
C47270,75,358486.2999999523,0,0,2962,blue,true,right,25,76,left,orange,215,0
C47270,76,361244.39999997616,0,0,2962,blue,false,left,34,52,left,blue,358,0
C47270,77,364152,1,30,2932,blue,false,right,30,60,left,orange,403,0
C47270,78,367114.6999999285,0,0,2932,blue,false,left,91,36,left,blue,603,0
C47270,79,370260.59999990463,1,70,2862,blue,false,right,70,59,left,orange,414,0
C47270,80,373223.7999999523,1,47,2815,blue,true,left,64,47,left,blue,521,0
C47270,81,376287.39999997616,1,28,2787,blue,false,right,28,44,left,orange,419,0
C47270,82,379260.59999990463,0,0,2787,blue,false,left,2,80,left,blue,392,0
C47270,83,382197.39999997616,1,20,2767,blue,false,right,20,39,left,orange,286,0
C47270,84,385046.59999990463,0,0,2767,blue,false,left,32,61,left,blue,398,0
C47270,85,387992.6999999285,0,0,2767,blue,false,left,90,61,left,blue,528,0
C47270,86,391073.6999999285,1,70,2697,blue,true,left,62,70,left,blue,461,0
C47270,87,394084.5,1,17,2680,blue,false,right,17,33,left,orange,371,0
C47270,88,396991.59999990463,1,74,2606,blue,false,right,74,17,left,orange,436,0
C47270,89,399977.7999999523,0,0,2606,blue,false,left,2,85,left,blue,458,0
C47270,90,402980.59999990463,0,0,2606,blue,false,left,39,76,left,blue,517,0
C47270,91,406040.39999997616,1,70,2536,blue,false,right,70,20,left,orange,340,0
C47270,92,408922.39999997616,0,0,2536,blue,true,right,24,69,left,orange,511,0
C47270,93,411982.59999990463,1,52,2484,blue,true,left,59,52,left,blue,776,0
C47270,94,419304.2999999523,0,0,2484,blue,false,right,15,43,right,blue,794,0
C47270,95,422646.7999999523,0,0,2484,blue,true,left,50,34,right,orange,940,0
C47270,96,426127.39999997616,1,43,2441,blue,false,left,43,48,right,orange,534,0
C47270,97,429225.2999999523,0,0,2441,blue,true,right,14,35,left,orange,257,0
C47270,98,432016.7999999523,0,0,2441,blue,true,right,12,42,left,orange,219,0
C47270,99,434777.09999990463,0,0,2441,blue,true,right,40,44,left,orange,266,0
C47270,100,437600.89999997616,0,0,2441,blue,true,left,88,50,right,orange,208,0
C47270,101,440371.2999999523,1,19,2422,blue,true,left,51,19,left,blue,300,0
C47270,102,443223,0,0,2422,blue,true,right,44,59,left,orange,551,0
C47270,103,446328,1,9,2413,blue,true,left,23,9,left,blue,396,0
C47270,104,449278.5,1,76,2337,blue,true,left,23,76,left,blue,435,0
C47270,105,452269.7999999523,1,47,2290,blue,true,left,94,47,left,blue,532,0
C47270,106,455346.1999999285,0,0,2290,blue,false,right,67,56,right,blue,534,0
C47270,107,458422.59999990463,1,16,2274,blue,true,right,50,16,right,blue,541,0
C47270,108,461507.1999999285,1,7,2267,blue,true,right,83,7,right,blue,831,0
C47270,109,464880.39999997616,1,41,2226,blue,true,left,86,41,left,blue,1334,0
C47270,110,468754.09999990463,0,0,2226,blue,true,right,61,37,left,orange,1165,0
C47270,111,472470.39999997616,1,82,2144,blue,false,right,82,57,left,orange,532,0
C47270,112,475546,0,0,2144,blue,false,right,68,28,right,blue,636,0
C47270,113,478732.89999997616,0,0,2144,blue,false,right,65,76,right,blue,531,0
C47270,114,481809.39999997616,0,0,2144,blue,false,right,25,19,right,blue,383,0
C47270,115,484729.2999999523,0,0,2144,blue,false,right,67,68,right,blue,743,0
C47270,116,488019.59999990463,0,0,2144,blue,false,right,82,68,right,blue,993,0
C47270,117,491560.1999999285,0,0,2144,blue,false,right,88,19,right,blue,503,0
C47270,118,494622.7999999523,1,11,2133,blue,true,right,55,11,right,blue,549,0
C47270,119,497719.59999990463,0,0,2133,blue,true,right,74,36,left,orange,570,0
C47270,120,500839.6999999285,0,0,2133,blue,false,right,18,64,right,blue,488,0
C47270,121,503876.6999999285,0,0,2133,blue,false,right,15,3,right,blue,496,0
C47270,122,506920.09999990463,0,0,2133,blue,false,right,91,76,right,blue,830,0
C47270,123,510281.2999999523,0,0,2133,blue,false,right,66,92,right,blue,500,0
C47270,124,513327.59999990463,0,0,2133,blue,false,right,67,14,right,blue,398,0
C47270,125,516257.2999999523,0,0,2133,blue,true,left,11,77,right,orange,946,0
C47270,126,519772.59999990463,0,0,2133,blue,false,right,36,20,right,blue,349,0
C47270,127,522672.6999999285,0,0,2133,blue,false,right,44,61,right,blue,719,0
C47270,128,525942.0999999046,1,4,2129,blue,false,left,4,34,right,orange,399,0
C47270,129,528891.8999999762,1,86,2043,blue,false,left,86,63,right,orange,427,0
C47270,130,531866.1999999285,0,0,2043,blue,false,left,99,43,left,blue,703,0
C47270,131,535098.6999999285,0,0,2043,blue,true,right,95,56,left,orange,628,0
C47270,132,538271.5,1,89,1954,blue,false,right,89,63,left,orange,582,0
C47270,133,541413.1999999285,1,80,1874,blue,true,left,88,80,left,blue,646,0
C47270,134,544611.5999999046,1,5,1869,blue,false,right,5,10,left,orange,438,0
C47270,135,547600.2999999523,0,0,1869,blue,true,left,35,80,right,orange,206,0
C47270,136,550351.6999999285,0,0,1869,blue,true,right,8,57,left,orange,361,0
C47270,137,553254.6999999285,0,0,1869,blue,true,right,78,47,left,orange,379,0
C47270,138,556167.1999999285,1,99,1770,blue,true,left,5,99,left,blue,477,0
C47270,139,559191.7999999523,0,0,1770,blue,true,right,62,67,left,orange,604,0
C47270,140,562345.1999999285,0,0,1770,blue,false,left,95,27,left,blue,456,0
