Quiz_round,2,RESULT:,SideGoodness,Incorrect
num_trial,optionsPresented_time,outcome,loss_amount,running_total,anchor_stim,blue_aversive,blue_side,amount_orange,amount_blue,chosen_side,chosen_color,response_time,trial_repeat_count
C47442,1,141752.60000002384,0,0,5000,blue,true,left,44,37,right,orange,2297,0
C47442,2,146675.80000001192,0,0,5000,blue,true,right,66,12,left,orange,1217,0
C47442,3,150472.40000000596,0,0,5000,blue,true,right,98,9,left,orange,508,0
C47442,4,153574.5,1,20,4980,blue,false,left,20,91,right,orange,595,0
C47442,5,156826.5,0,0,4980,blue,true,left,28,8,right,orange,475,0
C47442,6,159918.80000001192,0,0,4980,blue,true,right,30,33,left,orange,712,0
C47442,7,163218,0,0,4980,blue,true,right,27,24,left,orange,466,0
C47442,8,166258.5,1,58,4922,blue,false,left,58,43,right,orange,747,0
C47442,9,169616.5,0,0,4922,blue,true,right,72,47,left,orange,574,0
C47442,10,172778.30000001192,1,44,4878,blue,false,right,44,44,left,orange,488,0
C47442,11,175922.20000001788,0,0,4878,blue,true,left,69,26,right,orange,581,0
C47442,12,179106,0,0,4878,blue,true,right,6,41,left,orange,538,0
C47442,13,182243.10000002384,0,0,4878,blue,true,right,88,34,left,orange,453,0
C47442,14,185298,1,73,4805,blue,false,right,73,18,left,orange,417,0
C47442,15,188345.30000001192,0,0,4805,blue,true,left,60,25,right,orange,526,0
C47442,16,191493.90000000596,0,0,4805,blue,true,left,68,6,right,orange,904,0
C47442,17,194995,0,0,4805,blue,false,right,48,39,right,blue,2177,0
C47442,18,199776,0,0,4805,blue,true,left,35,76,right,orange,636,0
C47442,19,203002.30000001192,0,0,4805,blue,true,right,23,85,left,orange,737,0
C47442,20,206316.20000001788,0,0,4805,blue,true,left,54,22,right,orange,477,0
C47442,21,209378.60000002384,1,66,4739,blue,false,left,66,58,right,orange,724,0
C47442,22,212725.40000000596,0,0,4739,blue,true,right,98,41,left,orange,777,0
C47442,23,216083.20000001788,0,0,4739,blue,true,left,58,80,right,orange,684,0
C47442,24,219356.90000000596,0,0,4739,blue,true,right,32,85,left,orange,1823,0
C47442,25,223780.60000002384,0,0,4739,blue,false,right,83,15,right,blue,1322,0
C47442,26,227676.30000001192,0,0,4739,blue,true,left,18,16,right,orange,1090,0
C47442,27,231348.30000001192,0,0,4739,blue,true,left,56,99,right,orange,445,0
C47442,28,234390.80000001192,0,0,4739,blue,true,left,23,75,right,orange,486,0
C47442,29,237498.40000000596,0,0,4739,blue,true,left,68,18,right,orange,222,0
C47442,30,240318.30000001192,0,0,4739,blue,true,left,30,16,right,orange,449,0
C47442,31,243338.90000000596,0,0,4739,blue,true,right,86,37,left,orange,776,0
C47442,32,246681.40000000596,0,0,4739,blue,true,left,47,44,right,orange,494,0
C47442,33,249790.20000001788,0,0,4739,blue,true,left,3,91,right,orange,594,0
C47442,34,252983.20000001788,1,60,4679,blue,false,right,60,14,left,orange,887,0
C47442,35,256488,0,0,4679,blue,true,left,54,84,right,orange,574,0
C47442,36,259649.10000002384,0,0,4679,blue,true,left,34,23,right,orange,534,0
C47442,37,262791.8000000119,1,28,4651,blue,true,right,96,28,right,blue,1696,0
C47442,38,267112.7000000179,1,83,4568,blue,false,left,83,94,right,orange,778,0
C47442,39,270487.2000000179,0,0,4568,blue,true,left,63,86,right,orange,724,0
C47442,40,273804.10000002384,0,0,4568,blue,true,left,99,53,right,orange,455,0
C47442,41,276865.7000000179,0,0,4568,blue,true,right,29,91,left,orange,771,0
C47442,42,280225.7000000179,0,0,4568,blue,true,right,88,64,left,orange,505,0
C47442,43,283335,0,0,4568,blue,true,right,84,70,left,orange,1499,0
C47442,44,287438.60000002384,0,0,4568,blue,false,left,61,88,left,blue,803,0
C47442,45,290849.10000002384,0,0,4568,blue,true,left,61,43,right,orange,2423,0
C47442,46,295870.8000000119,1,54,4514,blue,true,right,87,54,right,blue,841,0
C47442,47,299335.40000000596,1,5,4509,blue,false,left,5,90,right,orange,466,0
C47442,48,306504.5,1,44,4465,blue,true,right,71,44,right,blue,783,0
C47442,49,309891.90000000596,0,0,4465,blue,true,right,42,52,left,orange,1165,0
C47442,50,313752.40000000596,0,0,4465,blue,true,left,39,93,right,orange,1213,0
C47442,51,317538.90000000596,0,0,4465,blue,true,right,39,24,left,orange,2195,0
C47442,52,322331.3000000119,1,20,4445,blue,false,left,20,10,right,orange,1072,0
C47442,53,326031.90000000596,1,85,4360,blue,false,left,85,43,right,orange,1097,0
C47442,54,329753.7000000179,1,77,4283,blue,false,right,77,7,left,orange,686,0
C47442,55,333102.5,1,90,4193,blue,true,right,95,90,right,blue,524,0
C47442,56,336292.2000000179,1,7,4186,blue,true,right,56,7,right,blue,376,0
C47442,57,339301.3000000119,0,0,4186,blue,true,left,50,69,right,orange,823,0
C47442,58,342734.40000000596,1,83,4103,blue,true,right,4,83,right,blue,619,0
C47442,59,345954.3000000119,1,40,4063,blue,false,right,40,8,left,orange,401,0
C47442,60,348964.60000002384,0,0,4063,blue,true,left,47,86,right,orange,659,0
C47442,61,352193.3000000119,1,49,4014,blue,true,right,15,49,right,blue,774,0
C47442,62,355553.5,0,0,4014,blue,true,left,17,39,right,orange,691,0
C47442,63,358819.2000000179,1,76,3938,blue,false,left,76,97,right,orange,519,0
C47442,64,361941.7000000179,1,14,3924,blue,true,right,73,14,right,blue,830,0
C47442,65,365401.60000002384,0,0,3924,blue,true,left,67,29,right,orange,657,0
C47442,66,368679.8000000119,0,0,3924,blue,true,left,48,39,right,orange,359,0
C47442,67,371642.40000000596,0,0,3924,blue,true,right,30,99,left,orange,812,0
C47442,68,375057.7000000179,1,13,3911,blue,false,right,13,20,left,orange,572,0
C47442,69,378257.40000000596,0,0,3911,blue,true,right,66,59,left,orange,1193,0
C47442,70,382038.10000002384,0,0,3911,blue,true,left,20,60,right,orange,643,0
C47442,71,385277.60000002384,0,0,3911,blue,true,left,41,25,right,orange,481,0
C47442,72,388342,1,76,3835,blue,false,left,76,70,right,orange,368,0
C47442,73,391327,1,73,3762,blue,false,left,73,18,right,orange,1538,0
C47442,74,395528.8000000119,0,0,3762,blue,false,left,41,80,left,blue,926,0
C47442,75,399062.60000002384,1,76,3686,blue,true,right,25,76,right,blue,665,0
C47442,76,402359.60000002384,0,0,3686,blue,false,right,34,52,right,blue,455,0
C47442,77,405424.90000000596,0,0,3686,blue,false,right,30,60,right,blue,462,0
C47442,78,408474.5,0,0,3686,blue,false,right,91,36,right,blue,438,0
C47442,79,411520.8000000119,0,0,3686,blue,false,left,70,59,left,blue,947,0
C47442,80,415084.10000002384,0,0,3686,blue,true,left,64,47,right,orange,555,0
C47442,81,418233.8000000119,0,0,3686,blue,false,right,28,44,right,blue,465,0
C47442,82,421272.8000000119,0,0,3686,blue,false,left,2,80,left,blue,919,0
C47442,83,424792.7000000179,0,0,3686,blue,false,left,20,39,left,blue,754,0
C47442,84,428110.60000002384,0,0,3686,blue,false,left,32,61,left,blue,492,0
C47442,85,431199.5,0,0,3686,blue,false,left,90,61,left,blue,407,0
C47442,86,434203.8000000119,0,0,3686,blue,true,right,62,70,left,orange,574,0
C47442,87,437381.60000002384,0,0,3686,blue,false,left,17,33,left,blue,541,0
C47442,88,440537.3000000119,1,74,3612,blue,false,right,74,17,left,orange,1049,0
C47442,89,444235.2000000179,0,0,3612,blue,false,left,2,85,left,blue,700,0
C47442,90,447544.40000000596,0,0,3612,blue,false,left,39,76,left,blue,668,0
C47442,91,450806.60000002384,0,0,3612,blue,false,left,70,20,left,blue,730,0
C47442,92,454114.3000000119,1,69,3543,blue,true,left,24,69,left,blue,2038,0
C47442,93,458740.7000000179,1,52,3491,blue,true,right,59,52,right,blue,599,0
C47442,94,465944.3000000119,0,0,3491,blue,false,left,15,43,left,blue,870,0
C47442,95,469407.3000000119,0,0,3491,blue,true,right,50,34,left,orange,687,0
C47442,96,472689.40000000596,1,43,3448,blue,false,right,43,48,left,orange,632,0
C47442,97,475932.8000000119,0,0,3448,blue,true,right,14,35,left,orange,589,0
C47442,98,479104.60000002384,0,0,3448,blue,true,left,12,42,right,orange,771,0
C47442,99,482575.60000002384,0,0,3448,blue,true,right,40,44,left,orange,586,0
C47442,100,485761.7000000179,0,0,3448,blue,true,right,88,50,left,orange,887,0
C47442,101,489253.8000000119,0,0,3448,blue,true,left,51,19,right,orange,873,0
C47442,102,492701.10000002384,0,0,3448,blue,true,right,44,59,left,orange,777,0
C47442,103,496069.40000000596,0,0,3448,blue,true,left,23,9,right,orange,535,0
C47442,104,499189.40000000596,0,0,3448,blue,true,left,23,76,right,orange,658,0
C47442,105,502436.10000002384,0,0,3448,blue,true,right,94,47,left,orange,420,0
C47442,106,505466.10000002384,1,67,3381,blue,false,left,67,56,right,orange,398,0
C47442,107,508479.3000000119,0,0,3381,blue,true,right,50,16,left,orange,201,0
C47442,108,511276,0,0,3381,blue,true,left,83,7,right,orange,436,0
C47442,109,514304.90000000596,1,41,3340,blue,true,left,86,41,left,blue,411,0
C47442,110,517336.5,0,0,3340,blue,true,left,61,37,right,orange,591,0
C47442,111,520545.5,1,82,3258,blue,false,right,82,57,left,orange,545,0
C47442,112,523727.40000000596,1,68,3190,blue,false,left,68,28,right,orange,409,0
C47442,113,526776.900000006,1,65,3125,blue,false,right,65,76,left,orange,480,0
C47442,114,529863.6000000238,0,0,3125,blue,false,left,25,19,left,blue,684,0
C47442,115,533120.5,0,0,3125,blue,false,left,67,68,left,blue,434,0
C47442,116,536138.7000000179,0,0,3125,blue,false,left,82,68,left,blue,454,0
C47442,117,539177.8000000119,0,0,3125,blue,false,left,88,19,left,blue,454,0
C47442,118,542227.6000000238,1,11,3114,blue,true,left,55,11,left,blue,551,0
C47442,119,545396.900000006,1,36,3078,blue,true,left,74,36,left,blue,724,0
C47442,120,548717,1,18,3060,blue,false,right,18,64,left,orange,657,0
C47442,121,552002.1000000238,0,0,3060,blue,false,left,15,3,left,blue,748,0
C47442,122,555370.7000000179,0,0,3060,blue,false,left,91,76,left,blue,1152,0
C47442,123,559116.2000000179,0,0,3060,blue,false,right,66,92,right,blue,1119,0
C47442,124,562827.7000000179,0,0,3060,blue,false,left,67,14,left,blue,615,0
C47442,125,566046.5,1,77,2983,blue,true,right,11,77,right,blue,640,0
C47442,126,569285.6000000238,0,0,2983,blue,false,right,36,20,right,blue,866,0
C47442,127,572733.6000000238,0,0,2983,blue,false,left,44,61,left,blue,640,0
C47442,128,575976,0,0,2983,blue,false,right,4,34,right,blue,1065,0
C47442,129,579631,0,0,2983,blue,false,right,86,63,right,blue,1360,0
C47442,130,583555.5,0,0,2983,blue,false,left,99,43,left,blue,1045,0
C47442,131,587177.400000006,1,56,2927,blue,true,right,95,56,right,blue,716,0
C47442,132,590482.1000000238,0,0,2927,blue,false,left,89,63,left,blue,870,0
C47442,133,593965.3000000119,1,80,2847,blue,true,left,88,80,left,blue,976,0
C47442,134,597560,1,5,2842,blue,false,left,5,10,right,orange,671,0
C47442,135,600860.6000000238,1,80,2762,blue,true,left,35,80,left,blue,563,0
C47442,136,604043.400000006,1,57,2705,blue,true,left,8,57,left,blue,3910,0
C47442,137,610573.5,1,47,2658,blue,true,right,78,47,right,blue,548,0
C47442,138,613753.8000000119,0,0,2658,blue,true,left,5,99,right,orange,471,0
C47442,139,616844.3000000119,0,0,2658,blue,true,left,62,67,right,orange,423,0
C47442,140,619874.6000000238,1,95,2563,blue,false,right,95,27,left,orange,750,0
