Quiz_round,2,RESULT:,-,allCorrect
num_trial,optionsPresented_time,outcome,loss_amount,running_total,anchor_stim,blue_aversive,blue_side,amount_orange,amount_blue,chosen_side,chosen_color,response_time,trial_repeat_count
C47710,1,100646.79999995232,1,37,4963,blue,true,right,44,37,right,blue,1450,0
C47710,2,104615.59999996424,0,0,4963,blue,true,right,66,12,left,orange,382,0
C47710,3,107514.29999995232,0,0,4963,blue,true,right,98,9,left,orange,374,0
C47710,4,110407.29999995232,1,20,4943,blue,false,right,20,91,left,orange,344,0
C47710,5,113266.59999996424,0,0,4943,blue,true,left,28,8,right,orange,388,0
C47710,6,116167.89999997616,0,0,4943,blue,true,left,30,33,right,orange,384,0
C47710,7,119069.09999996424,0,0,4943,blue,true,left,27,24,right,orange,379,0
C47710,8,121962.19999998808,1,58,4885,blue,false,right,58,43,left,orange,369,0
C47710,9,124849.89999997616,0,0,4885,blue,true,right,72,47,left,orange,310,0
C47710,10,127673.59999996424,1,44,4841,blue,false,left,44,44,right,orange,388,0
C47710,11,130583.39999997616,0,0,4841,blue,true,right,69,26,left,orange,363,0
C47710,12,133461.39999997616,0,0,4841,blue,true,left,6,41,right,orange,727,0
C47710,13,136705.59999996424,0,0,4841,blue,true,right,88,34,left,orange,440,0
C47710,14,139663.69999998808,1,73,4768,blue,false,left,73,18,right,orange,368,0
C47710,15,142551,0,0,4768,blue,true,right,60,25,left,orange,304,0
C47710,16,145367.5,0,0,4768,blue,true,right,68,6,left,orange,362,0
C47710,17,148245.19999998808,1,48,4720,blue,false,left,48,39,right,orange,384,0
C47710,18,151149,0,0,4720,blue,true,right,35,76,left,orange,329,0
C47710,19,153990.79999995232,0,0,4720,blue,true,right,23,85,left,orange,364,0
C47710,20,156869.89999997616,0,0,4720,blue,true,right,54,22,left,orange,346,0
C47710,21,159730.29999995232,1,66,4654,blue,false,left,66,58,right,orange,425,0
C47710,22,162677,0,0,4654,blue,true,right,98,41,left,orange,330,0
C47710,23,165525.69999998808,0,0,4654,blue,true,right,58,80,left,orange,436,0
C47710,24,168480,0,0,4654,blue,true,left,32,85,right,orange,586,0
C47710,25,171582.89999997616,1,83,4571,blue,false,right,83,15,left,orange,319,0
C47710,26,174427.19999998808,0,0,4571,blue,true,right,18,16,left,orange,310,0
C47710,27,177252.5,0,0,4571,blue,true,right,56,99,left,orange,304,0
C47710,28,180073.69999998808,0,0,4571,blue,true,left,23,75,right,orange,422,0
C47710,29,183008.39999997616,0,0,4571,blue,true,right,68,18,left,orange,303,0
C47710,30,185829,0,0,4571,blue,true,left,30,16,right,orange,428,0
C47710,31,188769.19999998808,0,0,4571,blue,true,right,86,37,left,orange,478,0
C47710,32,191762.29999995232,0,0,4571,blue,true,left,47,44,right,orange,426,0
C47710,33,194699.09999996424,0,0,4571,blue,true,left,3,91,right,orange,412,0
C47710,34,197625.29999995232,0,0,4571,blue,false,right,60,14,right,blue,430,0
C47710,35,200574.79999995232,0,0,4571,blue,true,right,54,84,left,orange,341,0
C47710,36,203435.89999997616,0,0,4571,blue,true,right,34,23,left,orange,328,0
C47710,37,206280.09999996424,0,0,4571,blue,true,left,96,28,right,orange,395,0
C47710,38,209189,0,0,4571,blue,false,left,83,94,left,blue,563,0
C47710,39,212269.5,0,0,4571,blue,true,left,63,86,right,orange,335,0
C47710,40,215124.5,0,0,4571,blue,true,right,99,53,left,orange,256,0
C47710,41,217896.69999998808,0,0,4571,blue,true,right,29,91,left,orange,304,0
C47710,42,220719.29999995232,1,64,4507,blue,true,right,88,64,right,blue,562,0
C47710,43,223801.39999997616,0,0,4507,blue,true,right,84,70,left,orange,406,0
C47710,44,226724.59999996424,1,61,4446,blue,false,left,61,88,right,orange,378,0
C47710,45,229622.09999996424,0,0,4446,blue,true,right,61,43,left,orange,355,0
C47710,46,232489.5,0,0,4446,blue,true,right,87,54,left,orange,331,0
C47710,47,235339.19999998808,1,5,4441,blue,false,right,5,90,left,orange,286,0
C47710,48,242158.69999998808,0,0,4441,blue,true,left,71,44,right,orange,1308,0
C47710,49,245982.09999996424,0,0,4441,blue,true,left,42,52,right,orange,460,0
C47710,50,248953.59999996424,0,0,4441,blue,true,right,39,93,left,orange,314,0
C47710,51,251784.19999998808,0,0,4441,blue,true,left,39,24,right,orange,513,0
C47710,52,254811,1,20,4421,blue,false,left,20,10,right,orange,420,0
C47710,53,257748.89999997616,1,85,4336,blue,false,left,85,43,right,orange,388,0
C47710,54,260654.5,1,77,4259,blue,false,right,77,7,left,orange,363,0
C47710,55,263532.5,1,90,4169,blue,true,left,95,90,left,blue,424,0
C47710,56,266473.7999999523,1,7,4162,blue,true,left,56,7,left,blue,434,0
C47710,57,269428.59999996424,1,69,4093,blue,true,left,50,69,left,blue,269,0
C47710,58,272215.7999999523,0,0,4093,blue,true,right,4,83,left,orange,436,0
C47710,59,275167.2999999523,1,40,4053,blue,false,left,40,8,right,orange,469,0
C47710,60,278156.7999999523,0,0,4053,blue,true,right,47,86,left,orange,280,0
C47710,61,280948.89999997616,0,0,4053,blue,true,left,15,49,right,orange,565,0
C47710,62,284029.1999999881,0,0,4053,blue,true,right,17,39,left,orange,619,0
C47710,63,287165.5,1,76,3977,blue,false,right,76,97,left,orange,321,0
C47710,64,290008.1999999881,0,0,3977,blue,true,left,73,14,right,orange,381,0
C47710,65,292903.6999999881,0,0,3977,blue,true,left,67,29,right,orange,447,0
C47710,66,295865.6999999881,0,0,3977,blue,true,right,48,39,left,orange,342,0
C47710,67,298724.59999996424,0,0,3977,blue,true,left,30,99,right,orange,378,0
C47710,68,301616.09999996424,1,13,3964,blue,false,right,13,20,left,orange,570,0
C47710,69,304705,0,0,3964,blue,true,right,66,59,left,orange,533,0
C47710,70,307754.39999997616,0,0,3964,blue,true,left,20,60,right,orange,559,0
C47710,71,310829.39999997616,0,0,3964,blue,true,right,41,25,left,orange,349,0
C47710,72,313692,1,76,3888,blue,false,left,76,70,right,orange,429,0
C47710,73,316641.2999999523,1,73,3815,blue,false,left,73,18,right,orange,374,0
C47710,74,319535.89999997616,1,41,3774,blue,false,right,41,80,left,orange,393,0
C47710,75,322446.7999999523,0,0,3774,blue,true,right,25,76,left,orange,305,0
C47710,76,325263.89999997616,1,34,3740,blue,false,right,34,52,left,orange,330,0
C47710,77,328109.09999996424,1,30,3710,blue,false,right,30,60,left,orange,412,0
C47710,78,331041.09999996424,1,91,3619,blue,false,right,91,36,left,orange,732,0
C47710,79,334289.1999999881,1,70,3549,blue,false,left,70,59,right,orange,508,0
C47710,80,337313.59999996424,1,47,3502,blue,true,right,64,47,right,blue,417,0
C47710,81,340245.59999996424,0,0,3502,blue,false,right,28,44,right,blue,369,0
C47710,82,343127.39999997616,0,0,3502,blue,false,right,2,80,right,blue,381,0
C47710,83,346022.6999999881,0,0,3502,blue,false,right,20,39,right,blue,467,0
C47710,84,349005.2999999523,0,0,3502,blue,false,right,32,61,right,blue,403,0
C47710,85,351925.89999997616,0,0,3502,blue,false,right,90,61,right,blue,371,0
C47710,86,354809.39999997616,1,70,3432,blue,true,left,62,70,left,blue,548,0
C47710,87,357876.7999999523,0,0,3432,blue,false,left,17,33,left,blue,346,0
C47710,88,360739,0,0,3432,blue,false,right,74,17,right,blue,421,0
C47710,89,363676.1999999881,0,0,3432,blue,false,right,2,85,right,blue,366,0
C47710,90,366556.59999996424,0,0,3432,blue,false,right,39,76,right,blue,544,0
C47710,91,369614.2999999523,0,0,3432,blue,false,right,70,20,right,blue,376,0
C47710,92,372507.2999999523,1,69,3363,blue,true,left,24,69,left,blue,587,0
C47710,93,375620.1999999881,1,52,3311,blue,true,left,59,52,left,blue,488,0
C47710,94,382626.2999999523,1,15,3296,blue,false,right,15,43,left,orange,775,0
C47710,95,385918.59999996424,1,34,3262,blue,true,right,50,34,right,blue,390,0
C47710,96,388829.2999999523,0,0,3262,blue,false,right,43,48,right,blue,685,0
C47710,97,392027.89999997616,1,35,3227,blue,true,right,14,35,right,blue,395,0
C47710,98,394942.39999997616,1,42,3185,blue,true,left,12,42,left,blue,568,0
C47710,99,404391.6999999881,1,44,3141,blue,true,right,40,44,right,blue,743,1
C47710,100,408521.59999996424,1,50,3091,blue,true,left,88,50,left,blue,682,0
C47710,101,411730.2999999523,0,0,3091,blue,true,right,51,19,left,orange,475,0
C47710,102,414736.59999996424,0,0,3091,blue,true,right,44,59,left,orange,573,0
C47710,103,417842,0,0,3091,blue,true,right,23,9,left,orange,337,0
C47710,104,420708.39999997616,0,0,3091,blue,true,left,23,76,right,orange,526,0
C47710,105,423766.09999996424,0,0,3091,blue,true,left,94,47,right,orange,402,0
C47710,106,426701.2999999523,1,67,3024,blue,false,right,67,56,left,orange,364,0
C47710,107,429590,0,0,3024,blue,true,left,50,16,right,orange,303,0
C47710,108,432412.09999996424,0,0,3024,blue,true,left,83,7,right,orange,377,0
C47710,109,435333.2999999523,0,0,3024,blue,true,left,86,41,right,orange,340,0
C47710,110,438221.6999999881,0,0,3024,blue,true,right,61,37,left,orange,388,0
C47710,111,441130.7999999523,1,82,2942,blue,false,left,82,57,right,orange,295,0
C47710,112,443950.5,1,68,2874,blue,false,right,68,28,left,orange,308,0
C47710,113,446789.1999999881,1,65,2809,blue,false,left,65,76,right,orange,345,0
C47710,114,449682.89999997616,0,0,2809,blue,false,right,25,19,right,blue,330,0
C47710,115,452555.1999999881,0,0,2809,blue,false,right,67,68,right,blue,419,0
C47710,116,455508.2999999523,0,0,2809,blue,false,right,82,68,right,blue,401,0
C47710,117,458450.6999999881,0,0,2809,blue,false,left,88,19,left,blue,355,0
C47710,118,461335.89999997616,1,11,2798,blue,true,left,55,11,left,blue,399,0
C47710,119,464269,1,36,2762,blue,true,right,74,36,right,blue,308,0
C47710,120,467102.7999999523,1,18,2744,blue,false,left,18,64,right,orange,346,0
C47710,121,469978.39999997616,1,15,2729,blue,false,right,15,3,left,orange,560,0
C47710,122,473062.89999997616,1,91,2638,blue,false,right,91,76,left,orange,371,0
C47710,123,475968.89999997616,0,0,2638,blue,false,right,66,92,right,blue,367,0
C47710,124,478877.39999997616,0,0,2638,blue,false,left,67,14,left,blue,380,0
C47710,125,481804.39999997616,1,77,2561,blue,true,right,11,77,right,blue,343,0
C47710,126,484690.09999996424,0,0,2561,blue,false,right,36,20,right,blue,388,0
C47710,127,487598.6999999881,0,0,2561,blue,false,left,44,61,left,blue,297,0
C47710,128,490430.59999996424,0,0,2561,blue,false,left,4,34,left,blue,364,0
C47710,129,493315.89999997616,0,0,2561,blue,false,left,86,63,left,blue,397,0
C47710,130,496247.39999997616,0,0,2561,blue,false,right,99,43,right,blue,423,0
C47710,131,499201.59999996424,1,56,2505,blue,true,right,95,56,right,blue,387,0
C47710,132,502124.2999999523,0,0,2505,blue,false,right,89,63,right,blue,373,0
C47710,133,505018.39999997616,1,80,2425,blue,true,left,88,80,left,blue,278,0
C47710,134,507839.5,0,0,2425,blue,false,right,5,10,right,blue,340,0
C47710,135,510700.2999999523,1,80,2345,blue,true,left,35,80,left,blue,314,0
C47710,136,513536.39999997616,1,57,2288,blue,true,right,8,57,right,blue,297,0
C47710,137,516377.59999996424,1,47,2241,blue,true,right,78,47,right,blue,369,0
C47710,138,519266.6999999881,0,0,2241,blue,true,right,5,99,left,orange,345,0
C47710,139,522143.09999996424,0,0,2241,blue,true,right,62,67,left,orange,334,0
C47710,140,525020.3999999762,1,95,2146,blue,false,left,95,27,right,orange,342,0
