Quiz_round,2,RESULT:,SideGoodness,Incorrect
num_trial,optionsPresented_time,outcome,loss_amount,running_total,anchor_stim,blue_aversive,blue_side,amount_orange,amount_blue,chosen_side,chosen_color,response_time,trial_repeat_count
C47711,1,99096.2952,1,37,4963,blue,true,right,44,37,right,blue,2058,0
C47711,2,103776.7952,1,12,4951,blue,true,right,66,12,right,blue,833,0
C47711,3,107247.6952,0,0,4951,blue,true,left,98,9,right,orange,291,0
C47711,4,110146.7952,1,20,4931,blue,false,left,20,91,right,orange,356,0
C47711,5,113143.7952,0,0,4931,blue,true,left,28,8,right,orange,310,0
C47711,6,116102.6952,0,0,4931,blue,true,right,30,33,left,orange,340,0
C47711,7,119096.2952,0,0,4931,blue,true,left,27,24,right,orange,264,0
C47711,8,121983.8952,1,58,4873,blue,false,left,58,43,right,orange,321,0
C47711,9,124956.8952,0,0,4873,blue,true,left,72,47,right,orange,291,0
C47711,10,127876.2952,1,44,4829,blue,false,left,44,44,right,orange,447,0
C47711,11,130950.4952,0,0,4829,blue,true,left,69,26,right,orange,274,0
C47711,12,133834.6952,1,41,4788,blue,true,left,6,41,left,blue,299,0
C47711,13,136788.9952,0,0,4788,blue,true,right,88,34,left,orange,338,0
C47711,14,139752.2952,1,73,4715,blue,false,right,73,18,left,orange,292,0
C47711,15,142689.5952,0,0,4715,blue,true,right,60,25,left,orange,297,0
C47711,16,145616.8952,0,0,4715,blue,true,right,68,6,left,orange,726,0
C47711,17,148983.4952,0,0,4715,blue,false,left,48,39,left,blue,382,0
C47711,18,151990.6952,0,0,4715,blue,true,left,35,76,right,orange,307,0
C47711,19,154933.2952,0,0,4715,blue,true,right,23,85,left,orange,395,0
C47711,20,157958.9952,0,0,4715,blue,true,right,54,22,left,orange,436,0
C47711,21,161016.6952,0,0,4715,blue,false,right,66,58,right,blue,281,0
C47711,22,163927.3952,0,0,4715,blue,true,right,98,41,left,orange,323,0
C47711,23,166876.5952,0,0,4715,blue,true,left,58,80,right,orange,404,0
C47711,24,170016.0952,1,85,4630,blue,true,right,32,85,right,blue,244,0
C47711,25,172864.7952,0,0,4630,blue,false,right,83,15,right,blue,287,0
C47711,26,175762.3952,0,0,4630,blue,true,left,18,16,right,orange,231,0
C47711,27,178624.8952,0,0,4630,blue,true,right,56,99,left,orange,159,0
C47711,28,181414.1952,1,75,4555,blue,true,left,23,75,left,blue,303,0
C47711,29,184322.8952,0,0,4555,blue,true,right,68,18,left,orange,436,0
C47711,30,187379.4952,0,0,4555,blue,true,left,30,16,right,orange,361,0
C47711,31,190448.6952,1,37,4518,blue,true,left,86,37,left,blue,517,0
C47711,32,193602.4952,0,0,4518,blue,true,right,47,44,left,orange,543,0
C47711,33,196775.8952,0,0,4518,blue,true,right,3,91,left,orange,513,0
C47711,34,199964.0952,1,60,4458,blue,false,right,60,14,left,orange,315,0
C47711,35,202922.5952,0,0,4458,blue,true,right,54,84,left,orange,298,0
C47711,36,205857.2952,0,0,4458,blue,true,left,34,23,right,orange,284,0
C47711,37,208758.5952,1,28,4430,blue,true,right,96,28,right,blue,277,0
C47711,38,211688.3952,1,83,4347,blue,false,left,83,94,right,orange,508,0
C47711,39,214899.6952,1,86,4261,blue,true,right,63,86,right,blue,449,0
C47711,40,218004.9952,1,53,4208,blue,true,right,99,53,right,blue,388,0
C47711,41,221046.5952,0,0,4208,blue,true,left,29,91,right,orange,327,0
C47711,42,223989.5952,0,0,4208,blue,true,left,88,64,right,orange,491,0
C47711,43,227126.0952,0,0,4208,blue,true,left,84,70,right,orange,519,0
C47711,44,230236.5952,1,61,4147,blue,false,right,61,88,left,orange,279,0
C47711,45,233144.7952,0,0,4147,blue,true,left,61,43,right,orange,361,0
C47711,46,236112.3952,1,54,4093,blue,true,right,87,54,right,blue,293,0
C47711,47,239022.3952,1,5,4088,blue,false,left,5,90,right,orange,536,0
C47711,48,246221.5952,0,0,4088,blue,true,right,71,44,left,orange,1640,0
C47711,49,250567.4952,1,52,4036,blue,true,left,42,52,left,blue,741,0
C47711,50,254001.2952,0,0,4036,blue,true,left,39,93,right,orange,296,0
C47711,51,256912.8952,0,0,4036,blue,true,left,39,24,right,orange,464,0
C47711,52,260030.5952,1,20,4016,blue,false,right,20,10,left,orange,288,0
C47711,53,262982.5952,1,85,3931,blue,false,left,85,43,right,orange,297,0
C47711,54,265907.2952,1,77,3854,blue,false,right,77,7,left,orange,303,0
C47711,55,268829.8952,0,0,3854,blue,true,right,95,90,left,orange,538,0
C47711,56,271988.2952,0,0,3854,blue,true,right,56,7,left,orange,494,0
C47711,57,275120.6952,0,0,3854,blue,true,right,50,69,left,orange,584,0
C47711,58,278354.1952,0,0,3854,blue,true,right,4,83,left,orange,526,0
C47711,59,281521.7952,1,40,3814,blue,false,left,40,8,right,orange,337,0
C47711,60,284517.2952,0,0,3814,blue,true,left,47,86,right,orange,389,0
C47711,61,287534.5952,1,49,3765,blue,true,right,15,49,right,blue,296,0
C47711,62,290475.4952,0,0,3765,blue,true,left,17,39,right,orange,324,0
C47711,63,293470.0952,0,0,3765,blue,false,right,76,97,right,blue,468,0
C47711,64,296529.3952,0,0,3765,blue,true,left,73,14,right,orange,333,0
C47711,65,299492.0952,0,0,3765,blue,true,right,67,29,left,orange,84,0
C47711,66,302189.0952,1,39,3726,blue,true,left,48,39,left,blue,254,0
C47711,67,305096.8952,1,99,3627,blue,true,right,30,99,right,blue,285,0
C47711,68,308012.5952,0,0,3627,blue,false,right,13,20,right,blue,237,0
C47711,69,310871.6952,1,59,3568,blue,true,right,66,59,right,blue,275,0
C47711,70,313893.8952,0,0,3568,blue,true,left,20,60,right,orange,27,0
C47711,71,316537.9952,0,0,3568,blue,true,left,41,25,right,orange,181,0
C47711,72,319348.9952,1,76,3492,blue,false,left,76,70,right,orange,256,0
C47711,73,322230.7952,1,73,3419,blue,false,left,73,18,right,orange,480,0
C47711,74,325385.7952,0,0,3419,blue,false,left,41,80,left,blue,280,0
C47711,75,328314.7952,0,0,3419,blue,true,right,25,76,left,orange,315,0
C47711,76,331243.4952,1,34,3385,blue,false,right,34,52,left,orange,503,0
C47711,77,334362.8952,1,30,3355,blue,false,left,30,60,right,orange,285,0
C47711,78,337307.3952,1,91,3264,blue,false,right,91,36,left,orange,255,0
C47711,79,340225.5952,1,70,3194,blue,false,right,70,59,left,orange,276,0
C47711,80,343163.3952,0,0,3194,blue,true,left,64,47,right,orange,322,0
C47711,81,346095.7952,1,28,3166,blue,false,left,28,44,right,orange,332,0
C47711,82,349088.6952,0,0,3166,blue,false,right,2,80,right,blue,320,0
C47711,83,352025.5952,0,0,3166,blue,false,right,20,39,right,blue,550,0
C47711,84,355180.8952,0,0,3166,blue,false,right,32,61,right,blue,293,0
C47711,85,358094.2952,1,90,3076,blue,false,left,90,61,right,orange,304,0
C47711,86,361061.9952,1,70,3006,blue,true,left,62,70,left,blue,350,0
C47711,87,364073.3952,1,17,2989,blue,false,right,17,33,left,orange,218,0
C47711,88,366945.3952,0,0,2989,blue,false,left,74,17,left,blue,1308,0
C47711,89,370869.4952,0,0,2989,blue,false,left,2,85,left,blue,347,0
C47711,90,373868.9952,0,0,2989,blue,false,left,39,76,left,blue,414,0
C47711,91,376907.9952,1,70,2919,blue,false,right,70,20,left,orange,276,0
C47711,92,379853.7952,1,69,2850,blue,true,right,24,69,right,blue,267,0
C47711,93,382759.6952,1,52,2798,blue,true,right,59,52,right,blue,443,0
C47711,94,389907.6952,0,0,2798,blue,false,left,15,43,left,blue,666,0
C47711,95,393206.6952,1,34,2764,blue,true,left,50,34,left,blue,306,0
C47711,96,396189.7952,1,43,2721,blue,false,right,43,48,left,orange,61,0
C47711,97,398900.0952,1,35,2686,blue,true,left,14,35,left,blue,3,0
C47711,98,401570.3952,1,42,2644,blue,true,left,12,42,left,blue,572,0
C47711,99,404819.2952,0,0,2644,blue,true,right,40,44,left,orange,343,0
C47711,100,407755.9952,0,0,2644,blue,true,right,88,50,left,orange,460,0
C47711,101,410818.8952,1,19,2625,blue,true,left,51,19,left,blue,496,0
C47711,102,413960.0952,0,0,2625,blue,true,right,44,59,left,orange,368,0
C47711,103,416928.2952,0,0,2625,blue,true,right,23,9,left,orange,393,0
C47711,104,419993.8952,0,0,2625,blue,true,right,23,76,left,orange,281,0
C47711,105,422904.2952,1,47,2578,blue,true,right,94,47,right,blue,439,0
C47711,106,425973.1952,1,67,2511,blue,false,left,67,56,right,orange,297,0
C47711,107,428891.3952,0,0,2511,blue,true,left,50,16,right,orange,396,0
C47711,108,431922.3952,1,7,2504,blue,true,right,83,7,right,blue,342,0
C47711,109,434893.1952,0,0,2504,blue,true,left,86,41,right,orange,309,0
C47711,110,437833.0952,1,37,2467,blue,true,right,61,37,right,blue,280,0
C47711,111,440742.4952,0,0,2467,blue,false,right,82,57,right,blue,323,0
C47711,112,443667.7952,1,68,2399,blue,false,left,68,28,right,orange,265,0
C47711,113,446622.5952,0,0,2399,blue,false,right,65,76,right,blue,157,0
C47711,114,449401.9952,1,25,2374,blue,false,right,25,19,left,orange,280,0
C47711,115,452341.0952,0,0,2374,blue,false,left,67,68,left,blue,261,0
C47711,116,455219.2952,0,0,2374,blue,false,left,82,68,left,blue,317,0
C47711,117,458145.7952,1,88,2286,blue,false,right,88,19,left,orange,162,0
C47711,118,460936.6952,0,0,2286,blue,true,left,55,11,right,orange,539,0
C47711,119,464102.9952,0,0,2286,blue,true,left,74,36,right,orange,283,0
C47711,120,466989.4952,0,0,2286,blue,false,left,18,64,left,blue,285,0
C47711,121,469949.5952,1,15,2271,blue,false,left,15,3,right,orange,152,0
C47711,122,472794.1952,0,0,2271,blue,false,left,91,76,left,blue,254,0
C47711,123,475630.4952,1,66,2205,blue,false,right,66,92,left,orange,294,0
C47711,124,478551.1952,1,67,2138,blue,false,left,67,14,right,orange,388,0
C47711,125,481575.6952,1,77,2061,blue,true,right,11,77,right,blue,41,0
C47711,126,484245.9952,1,36,2025,blue,false,left,36,20,right,orange,523,0
C47711,127,487391.6952,0,0,2025,blue,false,right,44,61,right,blue,499,0
C47711,128,490512.4952,1,4,2021,blue,false,right,4,34,left,orange,230,0
C47711,129,493391.5952,1,86,1935,blue,false,right,86,63,left,orange,307,0
C47711,130,496320.8952,0,0,1935,blue,false,left,99,43,left,blue,404,0
C47711,131,499314.3952,1,56,1879,blue,true,right,95,56,right,blue,561,0
C47711,132,502589.6952,0,0,1879,blue,false,right,89,63,right,blue,286,0
C47711,133,505499.0952,0,0,1879,blue,true,left,88,80,right,orange,377,0
C47711,134,508488.6952,1,5,1874,blue,false,left,5,10,right,orange,376,0
C47711,135,511544.1952,0,0,1874,blue,true,left,35,80,right,orange,288,0
C47711,136,514477.9952,0,0,1874,blue,true,left,8,57,right,orange,183,0
C47711,137,517313.7952,0,0,1874,blue,true,left,78,47,right,orange,246,0
C47711,138,520199.0952,1,99,1775,blue,true,right,5,99,right,blue,263,0
C47711,139,523111.1952,1,67,1708,blue,true,left,62,67,left,blue,336,0
C47711,140,526121.7952,1,95,1613,blue,false,left,95,27,right,orange,222,0
