Quiz_round,2,RESULT:,Steal2Goodness,Incorrect
num_trial,optionsPresented_time,outcome,loss_amount,running_total,anchor_stim,blue_aversive,blue_side,amount_orange,amount_blue,chosen_side,chosen_color,response_time,trial_repeat_count
C47810,1,3011991,1,37,4963,blue,true,left,44,37,left,blue,1553,0
C47810,2,3016083,1,12,4951,blue,true,left,66,12,left,blue,439,0
C47810,3,3019058,0,0,4951,blue,true,right,98,9,left,orange,614,0
C47810,4,3022199,1,20,4931,blue,false,right,20,91,left,orange,411,0
C47810,5,3025130,0,0,4931,blue,true,left,28,8,right,orange,846,0
C47810,6,3028496,0,0,4931,blue,true,right,30,33,left,orange,476,0
C47810,7,3031492,0,0,4931,blue,true,right,27,24,left,orange,475,0
C47810,8,3034493,1,58,4873,blue,false,left,58,43,right,orange,523,0
C47810,9,3037544,1,47,4826,blue,true,right,72,47,right,blue,652,0
C47810,10,3040727,1,44,4782,blue,false,left,44,44,right,orange,436,0
C47810,11,3043689,0,0,4782,blue,true,left,69,26,right,orange,601,0
C47810,12,3046810,0,0,4782,blue,true,left,6,41,right,orange,394,0
C47810,13,3049727,0,0,4782,blue,true,left,88,34,right,orange,416,0
C47810,14,3052674,1,73,4709,blue,false,right,73,18,left,orange,543,0
C47810,15,3055743,0,0,4709,blue,true,right,60,25,left,orange,751,0
C47810,16,3059020,0,0,4709,blue,true,left,68,6,right,orange,536,0
C47810,17,3062069,1,48,4661,blue,false,left,48,39,right,orange,366,0
C47810,18,3064965,1,76,4585,blue,true,left,35,76,left,blue,403,0
C47810,19,3067893,0,0,4585,blue,true,right,23,85,left,orange,941,0
C47810,20,3071354,0,0,4585,blue,true,right,54,22,left,orange,499,0
C47810,21,3074386,1,66,4519,blue,false,left,66,58,right,orange,507,0
C47810,22,3077420,0,0,4519,blue,true,left,98,41,right,orange,436,0
C47810,23,3080387,0,0,4519,blue,true,left,58,80,right,orange,390,0
C47810,24,3083302,0,0,4519,blue,true,right,32,85,left,orange,508,0
C47810,25,3086335,1,83,4436,blue,false,left,83,15,right,orange,493,0
C47810,26,3089364,1,16,4420,blue,true,right,18,16,right,blue,479,0
C47810,27,3092374,1,99,4321,blue,true,right,56,99,right,blue,472,0
C47810,28,3095370,1,75,4246,blue,true,left,23,75,left,blue,406,0
C47810,29,3098300,0,0,4246,blue,true,right,68,18,left,orange,555,0
C47810,30,3101387,0,0,4246,blue,true,right,30,16,left,orange,384,0
C47810,31,3104297,0,0,4246,blue,true,left,86,37,right,orange,431,0
C47810,32,3107253,0,0,4246,blue,true,left,47,44,right,orange,370,0
C47810,33,3110145,0,0,4246,blue,true,right,3,91,left,orange,421,0
C47810,34,3113092,1,60,4186,blue,false,left,60,14,right,orange,407,0
C47810,35,3116018,0,0,4186,blue,true,left,54,84,right,orange,368,0
C47810,36,3118907,0,0,4186,blue,true,right,34,23,left,orange,409,0
C47810,37,3121835,0,0,4186,blue,true,left,96,28,right,orange,568,0
C47810,38,3124916,1,83,4103,blue,false,right,83,94,left,orange,875,0
C47810,39,3128318,0,0,4103,blue,true,right,63,86,left,orange,368,0
C47810,40,3131209,0,0,4103,blue,true,left,99,53,right,orange,1274,0
C47810,41,3135015,0,0,4103,blue,true,left,29,91,right,orange,903,0
C47810,42,3138441,0,0,4103,blue,true,left,88,64,right,orange,471,0
C47810,43,3141433,0,0,4103,blue,true,left,84,70,right,orange,1505,0
C47810,44,3145466,1,61,4042,blue,false,left,61,88,right,orange,539,0
C47810,45,3148528,0,0,4042,blue,true,left,61,43,right,orange,389,0
C47810,46,3151443,0,0,4042,blue,true,left,87,54,right,orange,355,0
C47810,47,3154320,1,5,4037,blue,false,right,5,90,left,orange,1055,0
C47810,48,3161915,0,0,4037,blue,true,left,71,44,right,orange,3304,0
C47810,49,3167759,0,0,4037,blue,true,left,42,52,right,orange,1908,0
C47810,50,3172196,0,0,4037,blue,true,right,39,93,left,orange,1045,0
C47810,51,3175757,0,0,4037,blue,true,left,39,24,right,orange,2305,0
C47810,52,3180605,1,20,4017,blue,false,left,20,10,right,orange,1271,0
C47810,53,3184478,1,85,3932,blue,false,right,85,43,left,orange,989,0
C47810,54,3187999,0,0,3932,blue,false,right,77,7,right,blue,967,0
C47810,55,3191491,0,0,3932,blue,true,left,95,90,right,orange,676,0
C47810,56,3194678,1,7,3925,blue,true,left,56,7,left,blue,655,0
C47810,57,3197857,0,0,3925,blue,true,right,50,69,left,orange,802,0
C47810,58,3201174,0,0,3925,blue,true,left,4,83,right,orange,524,0
C47810,59,3204215,1,40,3885,blue,false,right,40,8,left,orange,527,0
C47810,60,3207267,0,0,3885,blue,true,left,47,86,right,orange,442,0
C47810,61,3210229,0,0,3885,blue,true,right,15,49,left,orange,398,0
C47810,62,3213152,0,0,3885,blue,true,left,17,39,right,orange,918,0
C47810,63,3216596,1,76,3809,blue,false,left,76,97,right,orange,843,0
C47810,64,3219959,0,0,3809,blue,true,right,73,14,left,orange,893,0
C47810,65,3223390,0,0,3809,blue,true,left,67,29,right,orange,984,0
C47810,66,3226912,0,0,3809,blue,true,left,48,39,right,orange,838,0
C47810,67,3230278,0,0,3809,blue,true,left,30,99,right,orange,411,0
C47810,68,3233213,1,13,3796,blue,false,right,13,20,left,orange,1026,0
C47810,69,3236777,0,0,3796,blue,true,right,66,59,left,orange,332,0
C47810,70,3239640,0,0,3796,blue,true,left,20,60,right,orange,493,0
C47810,71,3242669,0,0,3796,blue,true,right,41,25,left,orange,824,0
C47810,72,3246021,1,76,3720,blue,false,left,76,70,right,orange,954,0
C47810,73,3249500,1,73,3647,blue,false,right,73,18,left,orange,881,0
C47810,74,3252913,1,41,3606,blue,false,right,41,80,left,orange,373,0
C47810,75,3255806,0,0,3606,blue,true,right,25,76,left,orange,377,0
C47810,76,3258704,1,34,3572,blue,false,left,34,52,right,orange,903,0
C47810,77,3262132,0,0,3572,blue,false,right,30,60,right,blue,1134,0
C47810,78,3265785,0,0,3572,blue,false,left,91,36,left,blue,916,0
C47810,79,3269224,0,0,3572,blue,false,right,70,59,right,blue,932,0
C47810,80,3272689,1,47,3525,blue,true,right,64,47,right,blue,402,0
C47810,81,3275630,0,0,3525,blue,false,left,28,44,left,blue,1066,0
C47810,82,3279235,0,0,3525,blue,false,right,2,80,right,blue,835,0
C47810,83,3282615,0,0,3525,blue,false,right,20,39,right,blue,832,0
C47810,84,3285972,0,0,3525,blue,false,left,32,61,left,blue,919,0
C47810,85,3289421,0,0,3525,blue,false,left,90,61,left,blue,763,0
C47810,86,3292718,1,70,3455,blue,true,left,62,70,left,blue,878,0
C47810,87,3296133,0,0,3455,blue,false,left,17,33,left,blue,866,0
C47810,88,3299524,0,0,3455,blue,false,left,74,17,left,blue,509,0
C47810,89,3302553,0,0,3455,blue,false,left,2,85,left,blue,889,0
C47810,90,3305967,0,0,3455,blue,false,right,39,76,right,blue,972,0
C47810,91,3309467,0,0,3455,blue,false,right,70,20,right,blue,826,0
C47810,92,3312825,1,69,3386,blue,true,right,24,69,right,blue,931,0
C47810,93,3316288,1,52,3334,blue,true,left,59,52,left,blue,904,0
C47810,94,3323730,0,0,3334,blue,false,right,15,43,right,blue,1428,0
C47810,95,3327683,1,34,3300,blue,true,right,50,34,right,blue,794,0
C47810,96,3331001,0,0,3300,blue,false,right,43,48,right,blue,419,0
C47810,97,3333937,1,35,3265,blue,true,right,14,35,right,blue,406,0
C47810,98,3336868,1,42,3223,blue,true,right,12,42,right,blue,316,0
C47810,99,3339722,0,0,3223,blue,true,left,40,44,right,orange,912,0
C47810,100,3343163,0,0,3223,blue,true,left,88,50,right,orange,732,0
C47810,101,3346407,0,0,3223,blue,true,left,51,19,right,orange,741,0
C47810,102,3349675,0,0,3223,blue,true,left,44,59,right,orange,357,0
C47810,103,3352562,1,9,3214,blue,true,right,23,9,right,blue,413,0
C47810,104,3355520,0,0,3214,blue,true,right,23,76,left,orange,958,0
C47810,105,3359002,0,0,3214,blue,true,left,94,47,right,orange,981,0
C47810,106,3362505,1,67,3147,blue,false,right,67,56,left,orange,873,0
C47810,107,3365920,0,0,3147,blue,true,right,50,16,left,orange,805,0
C47810,108,3369254,0,0,3147,blue,true,left,83,7,right,orange,1110,0
C47810,109,3372894,0,0,3147,blue,true,left,86,41,right,orange,930,0
C47810,110,3376348,0,0,3147,blue,true,left,61,37,right,orange,908,0
C47810,111,3379783,1,82,3065,blue,false,left,82,57,right,orange,926,0
C47810,112,3383249,1,68,2997,blue,false,right,68,28,left,orange,464,0
C47810,113,3386248,0,0,2997,blue,false,left,65,76,left,blue,886,0
C47810,114,3389661,0,0,2997,blue,false,right,25,19,right,blue,819,0
C47810,115,3393010,0,0,2997,blue,false,right,67,68,right,blue,866,0
C47810,116,3396406,0,0,2997,blue,false,left,82,68,left,blue,803,0
C47810,117,3399737,0,0,2997,blue,false,right,88,19,right,blue,987,0
C47810,118,3403247,1,11,2986,blue,true,left,55,11,left,blue,814,0
C47810,119,3406586,0,0,2986,blue,true,left,74,36,right,orange,1923,0
C47810,120,3411038,1,18,2968,blue,false,left,18,64,right,orange,864,0
C47810,121,3414438,1,15,2953,blue,false,right,15,3,left,orange,860,0
C47810,122,3417817,1,91,2862,blue,false,right,91,76,left,orange,351,0
C47810,123,3420682,0,0,2862,blue,false,left,66,92,left,blue,883,0
C47810,124,3424081,0,0,2862,blue,false,left,67,14,left,blue,782,0
C47810,125,3427378,1,77,2785,blue,true,left,11,77,left,blue,872,0
C47810,126,3430772,0,0,2785,blue,false,right,36,20,right,blue,999,0
C47810,127,3434299,0,0,2785,blue,false,left,44,61,left,blue,1062,0
C47810,128,3437891,0,0,2785,blue,false,right,4,34,right,blue,888,0
C47810,129,3441293,0,0,2785,blue,false,right,86,63,right,blue,879,0
C47810,130,3444689,0,0,2785,blue,false,left,99,43,left,blue,920,0
C47810,131,3448127,1,56,2729,blue,true,right,95,56,right,blue,828,0
C47810,132,3451466,0,0,2729,blue,false,left,89,63,left,blue,896,0
C47810,133,3454878,1,80,2649,blue,true,left,88,80,left,blue,460,0
C47810,134,3457851,0,0,2649,blue,false,left,5,10,left,blue,518,0
C47810,135,3460887,1,80,2569,blue,true,right,35,80,right,blue,887,0
C47810,136,3464303,1,57,2512,blue,true,right,8,57,right,blue,942,0
C47810,137,3467780,1,47,2465,blue,true,left,78,47,left,blue,994,0
C47810,138,3471291,0,0,2465,blue,true,left,5,99,right,orange,851,0
C47810,139,3474667,0,0,2465,blue,true,left,62,67,right,orange,848,0
C47810,140,3478040,1,95,2370,blue,false,left,95,27,right,orange,839,0
