Quiz_round,2,RESULT:,-,allCorrect
num_trial,optionsPresented_time,outcome,loss_amount,running_total,anchor_stim,blue_aversive,blue_side,amount_orange,amount_blue,chosen_side,chosen_color,response_time,trial_repeat_count
C48180,1,155166.39999997616,0,0,5000,blue,true,right,44,37,left,orange,678,0
C48180,2,158377,0,0,5000,blue,true,right,66,12,left,orange,664,0
C48180,3,161579.69999998808,0,0,5000,blue,true,right,98,9,left,orange,441,0
C48180,4,164570.19999998808,1,20,4980,blue,false,right,20,91,left,orange,340,0
C48180,5,167461.09999999404,0,0,4980,blue,true,right,28,8,left,orange,476,0
C48180,6,170483.09999999404,0,0,4980,blue,true,left,30,33,right,orange,433,0
C48180,7,173449.69999998808,0,0,4980,blue,true,left,27,24,right,orange,427,0
C48180,8,176393.89999997616,1,58,4922,blue,false,left,58,43,right,orange,357,0
C48180,9,179294.29999998212,0,0,4922,blue,true,left,72,47,right,orange,671,0
C48180,10,182507.79999998212,1,44,4878,blue,false,right,44,44,left,orange,369,0
C48180,11,185434.89999997616,1,26,4852,blue,true,right,69,26,right,blue,2573,0
C48180,12,190549,0,0,4852,blue,true,right,6,41,left,orange,902,0
C48180,13,193982,0,0,4852,blue,true,right,88,34,left,orange,841,0
C48180,14,197378.39999997616,0,0,4852,blue,false,right,73,18,right,blue,1918,0
C48180,15,201837.59999999404,0,0,4852,blue,true,right,60,25,left,orange,1971,0
C48180,16,206335.89999997616,1,6,4846,blue,true,right,68,6,right,blue,1263,0
C48180,17,210150.09999999404,1,48,4798,blue,false,right,48,39,left,orange,2565,0
C48180,18,215245.09999999404,0,0,4798,blue,true,right,35,76,left,orange,636,0
C48180,19,218394.79999998212,0,0,4798,blue,true,right,23,85,left,orange,359,0
C48180,20,221272,0,0,4798,blue,true,right,54,22,left,orange,328,0
C48180,21,224124.19999998808,1,66,4732,blue,false,right,66,58,left,orange,354,0
C48180,22,226997.39999997616,1,41,4691,blue,true,left,98,41,left,blue,1672,0
C48180,23,231181.29999998212,0,0,4691,blue,true,left,58,80,right,orange,952,0
C48180,24,234670.59999999404,0,0,4691,blue,true,right,32,85,left,orange,357,0
C48180,25,237543.5,1,83,4608,blue,false,right,83,15,left,orange,309,0
C48180,26,240392.39999997616,0,0,4608,blue,true,left,18,16,right,orange,481,0
C48180,27,243395.89999997616,0,0,4608,blue,true,left,56,99,right,orange,395,0
C48180,28,246301.09999999404,0,0,4608,blue,true,left,23,75,right,orange,390,0
C48180,29,249226.29999998212,0,0,4608,blue,true,left,68,18,right,orange,328,0
C48180,30,252067.59999999404,0,0,4608,blue,true,right,30,16,left,orange,367,0
C48180,31,254960.39999997616,0,0,4608,blue,true,left,86,37,right,orange,318,0
C48180,32,257814.59999999404,0,0,4608,blue,true,right,47,44,left,orange,440,0
C48180,33,260773.89999997616,0,0,4608,blue,true,right,3,91,left,orange,724,0
C48180,34,264013.59999999404,1,60,4548,blue,false,left,60,14,right,orange,407,0
C48180,35,266970.09999999404,0,0,4548,blue,true,right,54,84,left,orange,842,0
C48180,36,270322.59999999404,0,0,4548,blue,true,left,34,23,right,orange,392,0
C48180,37,273230.09999999404,0,0,4548,blue,true,left,96,28,right,orange,754,0
C48180,38,276504.7999999821,1,83,4465,blue,false,right,83,94,left,orange,254,0
C48180,39,279276.39999997616,0,0,4465,blue,true,left,63,86,right,orange,246,0
C48180,40,282037.39999997616,0,0,4465,blue,true,left,99,53,right,orange,353,0
C48180,41,284929.5,0,0,4465,blue,true,left,29,91,right,orange,509,0
C48180,42,287967.59999999404,0,0,4465,blue,true,right,88,64,left,orange,325,0
C48180,43,290805.2999999821,0,0,4465,blue,true,left,84,70,right,orange,339,0
C48180,44,293664.59999999404,1,61,4404,blue,false,left,61,88,right,orange,341,0
C48180,45,296524.7999999821,0,0,4404,blue,true,left,61,43,right,orange,385,0
C48180,46,299446,0,0,4404,blue,true,left,87,54,right,orange,332,0
C48180,47,302297.09999999404,1,5,4399,blue,false,left,5,90,right,orange,359,0
C48180,48,309178,0,0,4399,blue,true,left,71,44,right,orange,1681,0
C48180,49,313374.5,0,0,4399,blue,true,right,42,52,left,orange,372,0
C48180,50,316264.1999999881,0,0,4399,blue,true,right,39,93,left,orange,372,0
C48180,51,319153,1,24,4375,blue,true,left,39,24,left,blue,912,0
C48180,52,322592.39999997616,1,20,4355,blue,false,left,20,10,right,orange,333,0
C48180,53,325463.6999999881,1,85,4270,blue,false,right,85,43,left,orange,367,0
C48180,54,328346.09999999404,1,77,4193,blue,false,right,77,7,left,orange,586,0
C48180,55,331450.6999999881,1,90,4103,blue,true,right,95,90,right,blue,1413,0
C48180,56,335379,1,7,4096,blue,true,left,56,7,left,blue,496,0
C48180,57,338399,0,0,4096,blue,true,right,50,69,left,orange,760,0
C48180,58,341690,0,0,4096,blue,true,right,4,83,left,orange,396,0
C48180,59,344611.09999999404,1,40,4056,blue,false,left,40,8,right,orange,373,0
C48180,60,347501.7999999821,0,0,4056,blue,true,right,47,86,left,orange,1134,0
C48180,61,351153.7999999821,0,0,4056,blue,true,right,15,49,left,orange,485,0
C48180,62,354160,0,0,4056,blue,true,right,17,39,left,orange,510,0
C48180,63,357181.5,1,76,3980,blue,false,right,76,97,left,orange,955,0
C48180,64,360653.89999997616,1,14,3966,blue,true,right,73,14,right,blue,1691,0
C48180,65,364875.6999999881,1,29,3937,blue,true,right,67,29,right,blue,831,0
C48180,66,368236.2999999821,1,39,3898,blue,true,left,48,39,left,blue,2800,0
C48180,67,373561.09999999404,0,0,3898,blue,true,left,30,99,right,orange,782,0
C48180,68,376866.7999999821,1,13,3885,blue,false,right,13,20,left,orange,471,0
C48180,69,379857.09999999404,0,0,3885,blue,true,right,66,59,left,orange,778,0
C48180,70,383163.09999999404,0,0,3885,blue,true,right,20,60,left,orange,370,0
C48180,71,386046,0,0,3885,blue,true,right,41,25,left,orange,259,0
C48180,72,388841.39999997616,1,76,3809,blue,false,left,76,70,right,orange,413,0
C48180,73,391790.59999999404,1,73,3736,blue,false,right,73,18,left,orange,321,0
C48180,74,394627.89999997616,1,41,3695,blue,false,right,41,80,left,orange,347,0
C48180,75,397500.89999997616,0,0,3695,blue,true,left,25,76,right,orange,641,0
C48180,76,400653.39999997616,1,34,3661,blue,false,left,34,52,right,orange,720,0
C48180,77,403896,1,30,3631,blue,false,left,30,60,right,orange,667,0
C48180,78,407093.6999999881,0,0,3631,blue,false,right,91,36,right,blue,596,0
C48180,79,410221.5,0,0,3631,blue,false,right,70,59,right,blue,398,0
C48180,80,413139.5,1,47,3584,blue,true,right,64,47,right,blue,395,0
C48180,81,416061.2999999821,0,0,3584,blue,false,left,28,44,left,blue,456,0
C48180,82,419048.7999999821,0,0,3584,blue,false,left,2,80,left,blue,348,0
C48180,83,421924.6999999881,0,0,3584,blue,false,left,20,39,left,blue,600,0
C48180,84,425061.09999999404,0,0,3584,blue,false,right,32,61,right,blue,552,0
C48180,85,428136.2999999821,0,0,3584,blue,false,right,90,61,right,blue,624,0
C48180,86,431287.59999999404,1,70,3514,blue,true,left,62,70,left,blue,951,0
C48180,87,434764,0,0,3514,blue,false,right,17,33,right,blue,785,0
C48180,88,438083.6999999881,0,0,3514,blue,false,right,74,17,right,blue,597,0
C48180,89,441203.7999999821,0,0,3514,blue,false,left,2,85,left,blue,413,0
C48180,90,444141.7999999821,0,0,3514,blue,false,left,39,76,left,blue,386,0
C48180,91,447066.5,0,0,3514,blue,false,right,70,20,right,blue,366,0
C48180,92,449970.59999999404,1,69,3445,blue,true,left,24,69,left,blue,331,0
C48180,93,452837.39999997616,1,52,3393,blue,true,right,59,52,right,blue,398,0
C48180,94,459762.5,1,15,3378,blue,false,left,15,43,right,orange,1036,0
C48180,95,463322.1999999881,1,34,3344,blue,true,right,50,34,right,blue,867,0
C48180,96,466727.7999999821,0,0,3344,blue,false,left,43,48,left,blue,581,0
C48180,97,469835.39999997616,1,35,3309,blue,true,right,14,35,right,blue,389,0
C48180,98,472753.5,0,0,3309,blue,true,right,12,42,left,orange,878,0
C48180,99,476145.59999999404,0,0,3309,blue,true,left,40,44,right,orange,377,0
C48180,100,479033.89999997616,0,0,3309,blue,true,right,88,50,left,orange,306,0
C48180,101,481871,0,0,3309,blue,true,left,51,19,right,orange,369,0
C48180,102,484759.89999997616,0,0,3309,blue,true,right,44,59,left,orange,317,0
C48180,103,487606.2999999821,0,0,3309,blue,true,right,23,9,left,orange,447,0
C48180,104,490586.2999999821,0,0,3309,blue,true,right,23,76,left,orange,300,0
C48180,105,493420.6999999881,0,0,3309,blue,true,left,94,47,right,orange,392,0
C48180,106,496325.59999999404,1,67,3242,blue,false,right,67,56,left,orange,349,0
C48180,107,499198.59999999404,0,0,3242,blue,true,right,50,16,left,orange,310,0
C48180,108,502036.09999999404,0,0,3242,blue,true,left,83,7,right,orange,408,0
C48180,109,504977.6999999881,0,0,3242,blue,true,left,86,41,right,orange,376,0
C48180,110,507868.6999999881,0,0,3242,blue,true,left,61,37,right,orange,391,0
C48180,111,510788.6999999881,1,82,3160,blue,false,right,82,57,left,orange,339,0
C48180,112,513676.5,1,68,3092,blue,false,left,68,28,right,orange,391,0
C48180,113,516584.39999997616,1,65,3027,blue,false,right,65,76,left,orange,328,0
C48180,114,519448.09999999404,0,0,3027,blue,false,right,25,19,right,blue,557,0
C48180,115,522523.59999999404,0,0,3027,blue,false,left,67,68,left,blue,404,0
C48180,116,525443.599999994,0,0,3027,blue,false,left,82,68,left,blue,343,0
C48180,117,528302.2999999821,0,0,3027,blue,false,right,88,19,right,blue,421,0
C48180,118,531237.7999999821,1,11,3016,blue,true,left,55,11,left,blue,380,0
C48180,119,534142.3999999762,1,36,2980,blue,true,right,74,36,right,blue,374,0
C48180,120,537031,0,0,2980,blue,false,left,18,64,left,blue,346,0
C48180,121,539921.7999999821,0,0,2980,blue,false,left,15,3,left,blue,297,0
C48180,122,542742.7999999821,0,0,2980,blue,false,left,91,76,left,blue,338,0
C48180,123,545593.8999999762,0,0,2980,blue,false,right,66,92,right,blue,379,0
C48180,124,548485.8999999762,0,0,2980,blue,false,left,67,14,left,blue,322,0
C48180,125,551336.5,1,77,2903,blue,true,left,11,77,left,blue,334,0
C48180,126,554195.7999999821,0,0,2903,blue,false,right,36,20,right,blue,335,0
C48180,127,557055.8999999762,0,0,2903,blue,false,right,44,61,right,blue,395,0
C48180,128,559976.099999994,0,0,2903,blue,false,right,4,34,right,blue,357,0
C48180,129,562844.099999994,0,0,2903,blue,false,left,86,63,left,blue,385,0
C48180,130,565747.8999999762,0,0,2903,blue,false,right,99,43,right,blue,716,0
C48180,131,568974.8999999762,1,56,2847,blue,true,left,95,56,left,blue,381,0
C48180,132,571893.5,0,0,2847,blue,false,right,89,63,right,blue,501,0
C48180,133,574915.099999994,1,80,2767,blue,true,right,88,80,right,blue,350,0
C48180,134,577789,0,0,2767,blue,false,left,5,10,left,blue,497,0
C48180,135,580817.1999999881,1,80,2687,blue,true,right,35,80,right,blue,457,0
C48180,136,583800.3999999762,0,0,2687,blue,true,left,8,57,right,orange,1072,0
C48180,137,587406.5,1,47,2640,blue,true,right,78,47,right,blue,1764,0
C48180,138,591690.8999999762,0,0,2640,blue,true,right,5,99,left,orange,475,0
C48180,139,594683.7999999821,0,0,2640,blue,true,left,62,67,right,orange,363,0
C48180,140,597571.099999994,1,95,2545,blue,false,left,95,27,right,orange,404,0
