Quiz_round,2,RESULT:,-,allCorrect
num_trial,optionsPresented_time,outcome,loss_amount,running_total,anchor_stim,blue_aversive,blue_side,amount_orange,amount_blue,chosen_side,chosen_color,response_time,trial_repeat_count
C48347,1,109441.23000000036,0,0,5000,blue,true,right,44,37,left,orange,1929,0
C48347,2,113894.72999999998,0,0,5000,blue,true,right,66,12,left,orange,566,0
C48347,3,116990.89000000095,0,0,5000,blue,true,left,98,9,right,orange,1879,0
C48347,4,121398.28000000125,1,20,4980,blue,false,right,20,91,left,orange,735,0
C48347,5,124665.07999999885,0,0,4980,blue,true,right,28,8,left,orange,1144,0
C48347,6,128336.49499999956,0,0,4980,blue,true,right,30,33,left,orange,1001,0
C48347,7,131873.2600000003,0,0,4980,blue,true,right,27,24,left,orange,533,0
C48347,8,134932.714999999,0,0,4980,blue,false,right,58,43,right,blue,2009,0
C48347,9,139465.830000001,0,0,4980,blue,true,right,72,47,left,orange,622,0
C48347,10,142611.5949999985,1,44,4936,blue,false,right,44,44,left,orange,559,0
C48347,11,145701.7850000011,1,26,4910,blue,true,right,69,26,right,blue,911,0
C48347,12,149143.6649999996,0,0,4910,blue,true,right,6,41,left,orange,463,0
C48347,13,152136.37999999992,0,0,4910,blue,true,left,88,34,right,orange,704,0
C48347,14,155371.9400000009,1,73,4837,blue,false,right,73,18,left,orange,457,0
C48347,15,158362.54499999995,1,25,4812,blue,true,left,60,25,left,blue,2392,0
C48347,16,163289.17,0,0,4812,blue,true,left,68,6,right,orange,687,0
C48347,17,166501.29000000015,1,48,4764,blue,false,right,48,39,left,orange,1226,0
C48347,18,170263.2650000014,1,76,4688,blue,true,left,35,76,left,blue,1562,0
C48347,19,174354.92499999964,0,0,4688,blue,true,left,23,85,right,orange,1059,0
C48347,20,177942.68999999986,0,0,4688,blue,true,left,54,22,right,orange,667,0
C48347,21,181139.22000000093,1,66,4622,blue,false,right,66,58,left,orange,1479,0
C48347,22,185151.40999999858,1,41,4581,blue,true,right,98,41,right,blue,1154,0
C48347,23,188836.03999999832,0,0,4581,blue,true,right,58,80,left,orange,792,0
C48347,24,192152.20000000045,0,0,4581,blue,true,left,32,85,right,orange,991,0
C48347,25,195666.40499999994,1,83,4498,blue,false,right,83,15,left,orange,1530,0
C48347,26,199726.97999999946,0,0,4498,blue,true,right,18,16,left,orange,2536,0
C48347,27,204791.87000000093,0,0,4498,blue,true,right,56,99,left,orange,2121,0
C48347,28,209442.8650000009,0,0,4498,blue,true,right,23,75,left,orange,1309,0
C48347,29,213274.62000000014,1,18,4480,blue,true,left,68,18,left,blue,1393,0
C48347,30,217196.0450000006,1,16,4464,blue,true,left,30,16,left,blue,1343,0
C48347,31,221073.77500000075,1,37,4427,blue,true,right,86,37,right,blue,1314,0
C48347,32,224915.84000000148,0,0,4427,blue,true,left,47,44,right,orange,534,0
C48347,33,227974.44499999983,0,0,4427,blue,true,left,3,91,right,orange,939,0
C48347,34,231438.5450000009,1,60,4367,blue,false,right,60,14,left,orange,1347,0
C48347,35,235323.5050000003,0,0,4367,blue,true,left,54,84,right,orange,687,0
C48347,36,238537.90500000105,0,0,4367,blue,true,right,34,23,left,orange,899,0
C48347,37,241965.21500000017,0,0,4367,blue,true,right,96,28,left,orange,1263,0
C48347,38,245755.8250000002,1,83,4284,blue,false,right,83,94,left,orange,605,0
C48347,39,248883.3799999993,0,0,4284,blue,true,left,63,86,right,orange,554,0
C48347,40,251965.65499999997,0,0,4284,blue,true,right,99,53,left,orange,771,0
C48347,41,255266.27000000008,0,0,4284,blue,true,left,29,91,right,orange,695,0
C48347,42,258490.58499999956,0,0,4284,blue,true,right,88,64,left,orange,565,0
C48347,43,261581.56999999846,1,70,4214,blue,true,left,84,70,left,blue,1021,0
C48347,44,265134.17499999923,1,61,4153,blue,false,right,61,88,left,orange,1202,0
C48347,45,268866.14499999996,0,0,4153,blue,true,right,61,43,left,orange,1750,0
C48347,46,273144.21999999834,0,0,4153,blue,true,left,87,54,right,orange,760,0
C48347,47,276431.994999999,1,5,4148,blue,false,right,5,90,left,orange,608,0
C48347,48,283580.0799999997,0,0,4148,blue,true,right,71,44,left,orange,1487,0
C48347,49,287591.31999999954,0,0,4148,blue,true,left,42,52,right,orange,567,0
C48347,50,290686.9999999981,0,0,4148,blue,true,left,39,93,right,orange,591,0
C48347,51,293803.5600000003,0,0,4148,blue,true,left,39,24,right,orange,575,0
C48347,52,296901.2799999982,0,0,4148,blue,false,right,20,10,right,blue,660,0
C48347,53,300086.36000000115,1,85,4063,blue,false,left,85,43,right,orange,704,0
C48347,54,303321.7149999982,1,77,3986,blue,false,left,77,7,right,orange,578,0
C48347,55,306436.0950000009,1,90,3896,blue,true,right,95,90,right,blue,3520,0
C48347,56,312485.9550000001,1,7,3889,blue,true,right,56,7,right,blue,889,0
C48347,57,315905.5249999983,0,0,3889,blue,true,left,50,69,right,orange,573,0
C48347,58,318999.1000000009,0,0,3889,blue,true,right,4,83,left,orange,621,0
C48347,59,322152.0899999996,1,40,3849,blue,false,left,40,8,right,orange,807,0
C48347,60,325485.58499999857,0,0,3849,blue,true,left,47,86,right,orange,1266,0
C48347,61,329275.8499999982,0,0,3849,blue,true,right,15,49,left,orange,703,0
C48347,62,332503.5349999998,0,0,3849,blue,true,left,17,39,right,orange,829,0
C48347,63,335858.185000001,1,76,3773,blue,false,right,76,97,left,orange,1315,0
C48347,64,339707.37499999814,0,0,3773,blue,true,right,73,14,left,orange,1022,0
C48347,65,343252.75500000134,0,0,3773,blue,true,right,67,29,left,orange,848,0
C48347,66,346629.5800000007,0,0,3773,blue,true,right,48,39,left,orange,962,0
C48347,67,350114.82500000054,0,0,3773,blue,true,right,30,99,left,orange,571,0
C48347,68,353213.534999999,0,0,3773,blue,false,right,13,20,right,blue,1417,0
C48347,69,357156.6149999999,0,0,3773,blue,true,left,66,59,right,orange,737,0
C48347,70,360418.7749999983,0,0,3773,blue,true,left,20,60,right,orange,635,0
C48347,71,363579.2199999996,0,0,3773,blue,true,right,41,25,left,orange,718,0
C48347,72,366820.97000000067,1,76,3697,blue,false,right,76,70,left,orange,512,0
C48347,73,369859.9099999992,1,73,3624,blue,false,right,73,18,left,orange,414,0
C48347,74,372802.674999999,1,41,3583,blue,false,left,41,80,right,orange,680,0
C48347,75,376012.0199999983,0,0,3583,blue,true,right,25,76,left,orange,689,0
C48347,76,379224.47499999905,1,34,3549,blue,false,left,34,52,right,orange,673,0
C48347,77,382426.68499999854,1,30,3519,blue,false,right,30,60,left,orange,1121,0
C48347,78,386077.5649999996,0,0,3519,blue,false,right,91,36,right,blue,397,0
C48347,79,388999.5600000002,0,0,3519,blue,false,left,70,59,left,blue,402,0
C48347,80,391928.03500000085,1,47,3472,blue,true,right,64,47,right,blue,621,0
C48347,81,395081.75000000116,0,0,3472,blue,false,right,28,44,right,blue,524,0
C48347,82,398133.8700000015,0,0,3472,blue,false,right,2,80,right,blue,625,0
C48347,83,401285.54000000074,0,0,3472,blue,false,right,20,39,right,blue,500,0
C48347,84,404312.7700000005,0,0,3472,blue,false,left,32,61,left,blue,875,0
C48347,85,407715.5950000015,1,90,3382,blue,false,right,90,61,left,orange,558,0
C48347,86,410808.0950000003,0,0,3382,blue,true,left,62,70,right,orange,400,0
C48347,87,413730.9600000008,0,0,3382,blue,false,left,17,33,left,blue,1234,0
C48347,88,417491.825000001,0,0,3382,blue,false,right,74,17,right,blue,526,0
C48347,89,420543.50999999954,0,0,3382,blue,false,right,2,85,right,blue,705,0
C48347,90,423771.85499999905,0,0,3382,blue,false,right,39,76,right,blue,506,0
C48347,91,426802.8549999981,0,0,3382,blue,false,right,70,20,right,blue,560,0
C48347,92,429888.98999999947,0,0,3382,blue,true,left,24,69,right,orange,657,0
C48347,93,433074.9350000005,0,0,3382,blue,true,left,59,52,right,orange,543,0
C48347,94,440146.929999999,0,0,3382,blue,false,right,15,43,right,blue,1541,0
C48347,95,444217.36500000046,1,34,3348,blue,true,left,50,34,left,blue,445,0
C48347,96,447196.394999999,0,0,3348,blue,false,left,43,48,left,blue,423,0
C48347,97,450144.44000000006,1,35,3313,blue,true,left,14,35,left,blue,464,0
C48347,98,453139.4450000007,1,42,3271,blue,true,right,12,42,right,blue,566,0
C48347,99,456240.6950000004,1,44,3227,blue,true,right,40,44,right,blue,453,0
C48347,100,459225.9400000003,0,0,3227,blue,true,left,88,50,right,orange,1048,0
C48347,101,462795.30499999964,0,0,3227,blue,true,left,51,19,right,orange,551,0
C48347,102,465876.61999999906,0,0,3227,blue,true,right,44,59,left,orange,1054,0
C48347,103,469452.3599999993,1,9,3218,blue,true,right,23,9,right,blue,517,0
C48347,104,472498.16500000085,0,0,3218,blue,true,right,23,76,left,orange,416,0
C48347,105,475438.6549999981,0,0,3218,blue,true,left,94,47,right,orange,439,0
C48347,106,478403.9599999996,1,67,3151,blue,false,left,67,56,right,orange,394,0
C48347,107,481325.5849999987,0,0,3151,blue,true,left,50,16,right,orange,408,0
C48347,108,484258.9750000007,0,0,3151,blue,true,right,83,7,left,orange,383,0
C48347,109,487169.59000000136,0,0,3151,blue,true,left,86,41,right,orange,639,0
C48347,110,490335.89500000014,0,0,3151,blue,true,left,61,37,right,orange,454,0
C48347,111,493315.50499999867,1,82,3069,blue,false,right,82,57,left,orange,488,0
C48347,112,496330.1549999997,1,68,3001,blue,false,right,68,28,left,orange,395,0
C48347,113,499256.6899999983,1,65,2936,blue,false,right,65,76,left,orange,357,0
C48347,114,502143.71499999834,1,25,2911,blue,false,left,25,19,right,orange,560,0
C48347,115,505236.1549999987,0,0,2911,blue,false,left,67,68,left,blue,359,0
C48347,116,508119.2699999992,0,0,2911,blue,false,left,82,68,left,blue,456,0
C48347,117,511097.1099999988,0,0,2911,blue,false,left,88,19,left,blue,516,0
C48347,118,514141.5300000008,1,11,2900,blue,true,right,55,11,right,blue,583,0
C48347,119,517258.56999999814,1,36,2864,blue,true,right,74,36,right,blue,515,0
C48347,120,520304.57000000024,0,0,2864,blue,false,right,18,64,right,blue,469,0
C48347,121,523296.6300000007,0,0,2864,blue,false,left,15,3,left,blue,436,0
C48347,122,526255.9799999981,0,0,2864,blue,false,right,91,76,right,blue,617,0
C48347,123,529403.3799999998,0,0,2864,blue,false,left,66,92,left,blue,417,0
C48347,124,532353.3250000001,0,0,2864,blue,false,left,67,14,left,blue,886,0
C48347,125,535767.1149999987,1,77,2787,blue,true,left,11,77,left,blue,497,0
C48347,126,538795.0700000001,1,36,2751,blue,false,right,36,20,left,orange,967,0
C48347,127,542291.874999999,0,0,2751,blue,false,left,44,61,left,blue,391,0
C48347,128,545207.9149999991,0,0,2751,blue,false,left,4,34,left,blue,461,0
C48347,129,548196.6649999995,0,0,2751,blue,false,left,86,63,left,blue,680,0
C48347,130,551401.8599999981,0,0,2751,blue,false,right,99,43,right,blue,597,0
C48347,131,554522.4899999994,1,56,2695,blue,true,right,95,56,right,blue,591,0
C48347,132,557642.7399999993,0,0,2695,blue,false,right,89,63,right,blue,446,0
C48347,133,560620.2400000002,1,80,2615,blue,true,left,88,80,left,blue,519,0
C48347,134,563663.6699999981,0,0,2615,blue,false,right,5,10,right,blue,946,0
C48347,135,567132.5450000004,1,80,2535,blue,true,left,35,80,left,blue,615,0
C48347,136,570276.5450000006,1,57,2478,blue,true,right,8,57,right,blue,578,0
C48347,137,573380.2849999992,1,47,2431,blue,true,left,78,47,left,blue,400,0
C48347,138,576308.004999999,0,0,2431,blue,true,right,5,99,left,orange,503,0
C48347,139,579336.5400000003,0,0,2431,blue,true,left,62,67,right,orange,487,0
C48347,140,582348.1900000006,1,95,2336,blue,false,left,95,27,right,orange,566,0
