Quiz_round,2,RESULT:,-,allCorrect
num_trial,optionsPresented_time,outcome,loss_amount,running_total,anchor_stim,blue_aversive,blue_side,amount_orange,amount_blue,chosen_side,chosen_color,response_time,trial_repeat_count
C48307,1,594086.304999888,1,10,4990,blue,true,right,23,10,right,blue,1522,0
C48307,2,598133.9799999259,0,0,4990,blue,true,left,45,97,right,orange,1025,0
C48307,3,601684.9250001833,0,0,4990,blue,true,right,54,62,left,orange,898,0
C48307,4,605117.4800000153,0,0,4990,blue,false,right,99,16,right,blue,735,0
C48307,5,608388.9399999753,1,40,4950,blue,true,left,72,40,left,blue,958,0
C48307,6,611870.199999772,1,88,4862,blue,true,right,98,88,right,blue,1558,0
C48307,7,615959.0150001459,0,0,4862,blue,true,left,6,54,right,orange,829,0
C48307,8,619313.300000038,0,0,4862,blue,true,left,64,55,right,orange,1359,0
C48307,9,623201.2049998157,0,0,4862,blue,false,right,96,45,right,blue,1297,0
C48307,10,627017.3749998212,1,19,4843,blue,true,left,28,19,left,blue,841,0
C48307,11,630392.1400001273,1,26,4817,blue,true,left,95,26,left,blue,1921,0
C48307,12,634843.9349997789,1,29,4788,blue,true,left,90,29,left,blue,980,0
C48307,13,638368.3949997649,0,0,4788,blue,true,left,20,53,right,orange,921,0
C48307,14,641815.7950001769,1,56,4732,blue,true,right,74,56,right,blue,1716,0
C48307,15,646060.5500000529,0,0,4732,blue,true,right,18,42,left,orange,861,0
C48307,16,649454.9850001931,0,0,4732,blue,true,left,11,91,right,orange,797,0
C48307,17,652778.8700000383,1,32,4700,blue,false,right,32,31,left,orange,2725,0
C48307,18,658030.7749998756,0,0,4700,blue,true,left,36,65,right,orange,1672,0
C48307,19,662237.470000051,0,0,4700,blue,false,right,40,30,right,blue,811,0
C48307,20,665585.9500002116,1,26,4674,blue,true,left,29,26,left,blue,912,0
C48307,21,669017.6749997772,1,32,4642,blue,false,right,32,36,left,orange,1442,0
C48307,22,672995.0199997984,1,81,4561,blue,true,left,72,81,left,blue,1318,0
C48307,23,676846.1199998856,0,0,4561,blue,false,left,95,54,left,blue,978,0
C48307,24,680353.3600000665,1,40,4521,blue,false,right,40,59,left,orange,1296,0
C48307,25,684185.0250000134,0,0,4521,blue,false,left,29,24,left,blue,1257,0
C48307,26,687970.794999972,0,0,4521,blue,false,left,60,51,left,blue,1073,0
C48307,27,691563.444999978,0,0,4521,blue,false,left,83,65,left,blue,885,0
C48307,28,694980.3650001995,1,98,4423,blue,true,right,78,98,right,blue,935,0
C48307,29,698443.5049998574,0,0,4423,blue,false,left,56,51,left,blue,3050,0
C48307,30,704017.7850001492,1,5,4418,blue,false,left,5,20,right,orange,1392,0
C48307,31,707946.4949998073,0,0,4418,blue,false,left,67,2,left,blue,868,0
C48307,32,711334.9500000477,0,0,4418,blue,false,right,85,84,right,blue,3795,0
C48307,33,717645.9050001577,0,0,4418,blue,true,right,7,49,left,orange,845,0
C48307,34,721022.1500000916,1,37,4381,blue,false,left,37,47,right,orange,1187,0
C48307,35,724740.1350000873,1,27,4354,blue,false,left,27,91,right,orange,801,0
C48307,36,728073.3099998906,0,0,4354,blue,false,left,44,42,left,blue,1022,0
C48307,37,731616.2100001238,1,55,4299,blue,true,right,31,55,right,blue,1109,0
C48307,38,735244.4949997589,0,0,4299,blue,false,right,97,70,right,blue,1696,0
C48307,39,739458.3049998619,0,0,4299,blue,false,right,14,9,right,blue,812,0
C48307,40,742793.1550000794,1,51,4248,blue,true,left,23,51,left,blue,1723,0
C48307,41,747051.5549997799,1,79,4169,blue,true,right,89,79,right,blue,2053,0
C48307,42,751639.8100000806,0,0,4169,blue,true,left,83,86,right,orange,1664,0
C48307,43,755841.1900000647,0,0,4169,blue,true,right,40,62,left,orange,1228,0
C48307,44,759593.0750002153,1,23,4146,blue,true,left,36,23,left,blue,1873,0
C48307,45,763993.5599998571,0,0,4146,blue,true,left,65,61,right,orange,908,0
C48307,46,767423.8900002092,0,0,4146,blue,true,right,74,67,left,orange,972,0
C48307,47,770926.3650001958,1,41,4105,blue,true,right,73,41,right,blue,1849,0
C48307,48,779314.9549998343,0,0,4105,blue,false,left,96,54,left,blue,1064,0
C48307,49,782900.1850001514,0,0,4105,blue,true,left,86,88,right,orange,3002,0
C48307,50,788430.8850001544,0,0,4105,blue,true,left,43,66,right,orange,1190,0
C48307,51,792138.2599999197,0,0,4105,blue,true,right,72,79,left,orange,934,0
C48307,52,795601.8699998967,0,0,4105,blue,false,right,71,13,right,blue,1189,0
C48307,53,799326.2450001203,1,53,4052,blue,true,right,78,53,right,blue,1771,0
C48307,54,803631.1749997549,0,0,4052,blue,true,left,57,90,right,orange,1171,0
C48307,55,807322.7099999785,1,3,4049,blue,false,left,3,12,right,orange,2339,0
C48307,56,812195.034999866,0,0,4049,blue,true,right,2,64,left,orange,1053,0
C48307,57,815783.8800000027,1,9,4040,blue,true,right,99,9,right,blue,1512,0
C48307,58,819818.0999998003,0,0,4040,blue,true,right,21,42,left,orange,3283,0
C48307,59,831158.844999969,0,0,4040,blue,true,right,83,72,left,orange,745,1
C48307,60,834420.9150001407,1,11,4029,blue,true,left,37,11,left,blue,1880,0
C48307,61,838824.3950000033,1,67,3962,blue,false,right,67,81,left,orange,2172,0
C48307,62,843526.8700001761,1,14,3948,blue,true,right,12,14,right,blue,665,0
C48307,63,846725.9349999949,1,78,3870,blue,false,left,78,90,right,orange,1021,0
C48307,64,850282.4300001375,0,0,3870,blue,false,left,46,53,left,blue,1440,0
C48307,65,854249.5099999942,0,0,3870,blue,false,left,30,42,left,blue,982,0
C48307,66,857758.7100001983,1,36,3834,blue,false,left,36,65,right,orange,1403,0
C48307,67,861693.1249997579,0,0,3834,blue,false,right,49,49,right,blue,1415,0
C48307,68,865630.0400001928,0,0,3834,blue,false,right,44,10,right,blue,1182,0
C48307,69,869348.6700002104,1,70,3764,blue,false,right,70,64,left,orange,1394,0
C48307,70,873272.6199999452,1,68,3696,blue,false,left,68,95,right,orange,755,0
C48307,71,876548.1099998578,1,38,3658,blue,false,left,38,46,right,orange,1079,0
C48307,72,880174.7400001623,1,18,3640,blue,false,left,18,24,right,orange,1308,0
C48307,73,884017.119999975,0,0,3640,blue,false,left,82,78,left,blue,1277,0
C48307,74,887818.2700001635,0,0,3640,blue,false,left,59,54,left,blue,1000,0
C48307,75,891357.5349999592,0,0,3640,blue,false,left,36,33,left,blue,1227,0
C48307,76,895124.7450001538,1,56,3584,blue,true,right,49,56,right,blue,776,0
C48307,77,898434.4649999402,1,26,3558,blue,false,left,26,83,right,orange,1154,0
C48307,78,902114.4949998707,1,38,3520,blue,false,right,38,81,left,orange,1344,0
C48307,79,905980.1849997602,0,0,3520,blue,false,left,12,3,left,blue,763,0
C48307,80,909264.185000211,0,0,3520,blue,false,right,62,38,right,blue,914,0
C48307,81,912702.0800001919,0,0,3520,blue,false,left,43,50,left,blue,939,0
C48307,82,916171.4499997906,0,0,3520,blue,false,left,50,47,left,blue,1327,0
C48307,83,920022.204999812,1,35,3485,blue,true,left,41,35,left,blue,1886,0
C48307,84,924432.1400001645,1,9,3476,blue,false,right,9,62,left,orange,1046,0
C48307,85,927998.8350002095,0,0,3476,blue,false,left,60,58,left,blue,1694,0
C48307,86,932229.2700000107,0,0,3476,blue,false,left,88,31,left,blue,959,0
C48307,87,935708.920000121,0,0,3476,blue,false,right,56,44,right,blue,960,0
C48307,88,939213.7000001967,1,15,3461,blue,true,left,31,15,left,blue,1461,0
C48307,89,943209.7999998368,0,0,3461,blue,false,right,90,31,right,blue,779,0
C48307,90,946524.2300000973,0,0,3461,blue,false,right,80,76,right,blue,1230,0
C48307,91,950279.2799999006,0,0,3461,blue,false,right,78,4,right,blue,729,0
C48307,92,953550.7550002076,0,0,3461,blue,false,left,60,28,left,blue,818,0
C48307,93,956887.569999788,0,0,3461,blue,true,right,56,99,left,orange,1245,0
C48307,94,964677.2850002162,0,0,3461,blue,false,left,31,45,left,blue,1962,0
C48307,95,969156.7299999297,0,0,3461,blue,false,left,55,16,left,blue,752,0
C48307,96,972432.2350001894,0,0,3461,blue,true,right,12,89,left,orange,1093,0
C48307,97,976064.8199999705,0,0,3461,blue,false,right,49,4,right,blue,594,0
C48307,98,979195.445000194,0,0,3461,blue,false,left,69,12,left,blue,779,0
C48307,99,982492.354999762,1,26,3435,blue,true,left,49,26,left,blue,828,0
C48307,100,985865.1850000024,0,0,3435,blue,false,right,75,76,right,blue,1026,0
C48307,101,989416.1700000986,1,22,3413,blue,false,left,22,90,right,orange,1764,0
C48307,102,993703.4200001508,1,23,3390,blue,true,left,26,23,left,blue,896,0
C48307,103,997135.6399999931,1,11,3379,blue,false,left,11,68,right,orange,839,0
C48307,104,1000512.3149999417,0,0,3379,blue,true,left,71,82,right,orange,1123,0
C48307,105,1004164.9299999699,1,86,3293,blue,false,right,86,95,left,orange,1580,0
C48307,106,1008281.2899998389,1,79,3214,blue,false,right,79,88,left,orange,584,0
C48307,107,1011398.3299997635,0,0,3214,blue,false,left,75,40,left,blue,855,0
C48307,108,1014784.2299998738,1,11,3203,blue,false,right,11,94,left,orange,1041,0
C48307,109,1018366.0149998032,1,44,3159,blue,true,right,53,44,right,blue,1870,0
C48307,110,1022772.1850001253,0,0,3159,blue,false,right,85,17,right,blue,778,0
C48307,111,1026094.7150001302,1,32,3127,blue,true,right,85,32,right,blue,725,0
C48307,112,1029350.2299999818,1,38,3089,blue,false,left,38,68,right,orange,980,0
C48307,113,1032861.419999972,1,28,3061,blue,false,left,28,93,right,orange,784,0
C48307,114,1036174.7849998064,1,13,3048,blue,false,right,13,95,left,orange,648,0
C48307,115,1039358.9949999005,0,0,3048,blue,false,left,69,60,left,blue,1082,0
C48307,116,1042977.8749998659,0,0,3048,blue,true,right,56,95,left,orange,793,0
C48307,117,1046295.6150001846,1,2,3046,blue,false,right,2,41,left,orange,685,0
C48307,118,1049520.0999998488,0,0,3046,blue,false,left,42,5,left,blue,775,0
C48307,119,1052833.8199998252,0,0,3046,blue,false,left,44,30,left,blue,912,0
C48307,120,1056276.610000059,0,0,3046,blue,false,left,79,4,left,blue,648,0
C48307,121,1059445.3949998133,1,83,2963,blue,false,right,83,87,left,orange,1334,0
C48307,122,1063304.8999998719,1,59,2904,blue,false,right,59,44,left,orange,1496,0
C48307,123,1067326.4000001363,1,10,2894,blue,true,right,15,10,right,blue,1136,0
C48307,124,1070987.7999997698,0,0,2894,blue,false,left,60,15,left,blue,594,0
C48307,125,1074107.4149999768,0,0,2894,blue,false,left,73,25,left,blue,579,0
C48307,126,1077210.6200000271,0,0,2894,blue,false,left,43,23,left,blue,668,0
C48307,127,1080412.8800001927,1,22,2872,blue,false,left,22,87,right,orange,859,0
C48307,128,1083796.3450001553,1,77,2795,blue,true,right,27,77,right,blue,1165,0
C48307,129,1087488.0099999718,0,0,2795,blue,false,right,99,35,right,blue,789,0
C48307,130,1090810.9450000338,1,39,2756,blue,true,left,49,39,left,blue,780,0
C48307,131,1094115.7550001517,0,0,2756,blue,false,left,83,60,left,blue,1331,0
C48307,132,1097980.930000078,1,54,2702,blue,true,left,61,54,left,blue,902,0
C48307,133,1101425.4950000905,0,0,2702,blue,false,right,82,34,right,blue,666,0
C48307,134,1104624.8099999502,0,0,2702,blue,false,left,96,86,left,blue,1293,0
C48307,135,1108448.7600000575,0,0,2702,blue,false,right,65,27,right,blue,708,0
C48307,136,1111679.0550001897,1,63,2639,blue,false,right,63,93,left,orange,1543,0
C48307,137,1115747.0749998465,0,0,2639,blue,false,left,65,40,left,blue,581,0
C48307,138,1118860.725000035,1,7,2632,blue,false,left,7,69,right,orange,842,0
C48307,139,1122227.0700000226,1,28,2604,blue,true,right,94,28,right,blue,1000,0
C48307,140,1125751.2199999765,0,0,2604,blue,false,left,90,4,left,blue,672,0
