Quiz_round,2,RESULT:,-,allCorrect
num_trial,optionsPresented_time,outcome,loss_amount,running_total,anchor_stim,blue_aversive,blue_side,amount_orange,amount_blue,chosen_side,chosen_color,response_time,trial_repeat_count
C48516,1,4484816,1,37,4963,blue,true,right,44,37,right,blue,2227,0
C48516,2,4489581,0,0,4963,blue,true,left,66,12,right,orange,2315,0
C48516,3,4494424,0,0,4963,blue,true,right,98,9,left,orange,555,0
C48516,4,4497499,1,20,4943,blue,false,right,20,91,left,orange,512,0
C48516,5,4500538,0,0,4943,blue,true,right,28,8,left,orange,444,0
C48516,6,4503498,0,0,4943,blue,true,right,30,33,left,orange,369,0
C48516,7,4506384,0,0,4943,blue,true,left,27,24,right,orange,515,0
C48516,8,4509421,1,58,4885,blue,false,right,58,43,left,orange,424,0
C48516,9,4512366,0,0,4885,blue,true,left,72,47,right,orange,621,0
C48516,10,4515504,1,44,4841,blue,false,left,44,44,right,orange,398,0
C48516,11,4518420,0,0,4841,blue,true,left,69,26,right,orange,434,0
C48516,12,4521367,0,0,4841,blue,true,left,6,41,right,orange,420,0
C48516,13,4524304,0,0,4841,blue,true,left,88,34,right,orange,452,0
C48516,14,4527277,1,73,4768,blue,false,right,73,18,left,orange,553,0
C48516,15,4530348,0,0,4768,blue,true,right,60,25,left,orange,464,0
C48516,16,4533326,0,0,4768,blue,true,left,68,6,right,orange,447,0
C48516,17,4536288,1,48,4720,blue,false,right,48,39,left,orange,581,0
C48516,18,4539387,0,0,4720,blue,true,right,35,76,left,orange,547,0
C48516,19,4542448,0,0,4720,blue,true,left,23,85,right,orange,580,0
C48516,20,4545543,0,0,4720,blue,true,left,54,22,right,orange,438,0
C48516,21,4548495,1,66,4654,blue,false,left,66,58,right,orange,702,0
C48516,22,4551715,0,0,4654,blue,true,right,98,41,left,orange,1209,0
C48516,23,4555438,0,0,4654,blue,true,left,58,80,right,orange,558,0
C48516,24,4558514,0,0,4654,blue,true,left,32,85,right,orange,576,0
C48516,25,4561609,1,83,4571,blue,false,left,83,15,right,orange,444,0
C48516,26,4564570,0,0,4571,blue,true,left,18,16,right,orange,452,0
C48516,27,4567536,0,0,4571,blue,true,right,56,99,left,orange,492,0
C48516,28,4570543,0,0,4571,blue,true,left,23,75,right,orange,440,0
C48516,29,4573501,0,0,4571,blue,true,right,68,18,left,orange,494,0
C48516,30,4576512,0,0,4571,blue,true,left,30,16,right,orange,381,0
C48516,31,4579408,0,0,4571,blue,true,right,86,37,left,orange,374,0
C48516,32,4582295,0,0,4571,blue,true,right,47,44,left,orange,542,0
C48516,33,4585351,0,0,4571,blue,true,right,3,91,left,orange,546,0
C48516,34,4588415,1,60,4511,blue,false,right,60,14,left,orange,436,0
C48516,35,4591371,0,0,4511,blue,true,right,54,84,left,orange,530,0
C48516,36,4594414,0,0,4511,blue,true,right,34,23,left,orange,439,0
C48516,37,4597367,0,0,4511,blue,true,right,96,28,left,orange,333,0
C48516,38,4600217,1,83,4428,blue,false,right,83,94,left,orange,562,0
C48516,39,4603298,0,0,4428,blue,true,right,63,86,left,orange,393,0
C48516,40,4606209,0,0,4428,blue,true,left,99,53,right,orange,484,0
C48516,41,4609208,0,0,4428,blue,true,left,29,91,right,orange,462,0
C48516,42,4612182,0,0,4428,blue,true,left,88,64,right,orange,941,0
C48516,43,4615639,0,0,4428,blue,true,left,84,70,right,orange,911,0
C48516,44,4619062,1,61,4367,blue,false,left,61,88,right,orange,711,0
C48516,45,4622294,0,0,4367,blue,true,right,61,43,left,orange,737,0
C48516,46,4625550,0,0,4367,blue,true,right,87,54,left,orange,688,0
C48516,47,4628750,1,5,4362,blue,false,right,5,90,left,orange,885,0
C48516,48,4636164,0,0,4362,blue,true,left,71,44,right,orange,1797,0
C48516,49,4640478,0,0,4362,blue,true,left,42,52,right,orange,575,0
C48516,50,4643569,0,0,4362,blue,true,left,39,93,right,orange,608,0
C48516,51,4646694,0,0,4362,blue,true,left,39,24,right,orange,743,0
C48516,52,4649954,1,20,4342,blue,false,left,20,10,right,orange,875,0
C48516,53,4653347,1,85,4257,blue,false,right,85,43,left,orange,643,0
C48516,54,4656509,1,77,4180,blue,false,right,77,7,left,orange,465,0
C48516,55,4659491,0,0,4180,blue,true,left,95,90,right,orange,1115,0
C48516,56,4663118,0,0,4180,blue,true,left,56,7,right,orange,556,0
C48516,57,4666192,0,0,4180,blue,true,right,50,69,left,orange,508,0
C48516,58,4669215,0,0,4180,blue,true,right,4,83,left,orange,405,0
C48516,59,4672134,1,40,4140,blue,false,right,40,8,left,orange,445,0
C48516,60,4675097,0,0,4140,blue,true,left,47,86,right,orange,380,0
C48516,61,4677992,0,0,4140,blue,true,right,15,49,left,orange,493,0
C48516,62,4681001,0,0,4140,blue,true,right,17,39,left,orange,380,0
C48516,63,4683904,1,76,4064,blue,false,right,76,97,left,orange,510,0
C48516,64,4686929,0,0,4064,blue,true,left,73,14,right,orange,540,0
C48516,65,4689982,0,0,4064,blue,true,left,67,29,right,orange,462,0
C48516,66,4692959,0,0,4064,blue,true,right,48,39,left,orange,558,0
C48516,67,4696035,0,0,4064,blue,true,right,30,99,left,orange,542,0
C48516,68,4699093,1,13,4051,blue,false,right,13,20,left,orange,496,0
C48516,69,4702108,0,0,4051,blue,true,right,66,59,left,orange,362,0
C48516,70,4704983,0,0,4051,blue,true,left,20,60,right,orange,588,0
C48516,71,4708086,0,0,4051,blue,true,left,41,25,right,orange,527,0
C48516,72,4711126,1,76,3975,blue,false,left,76,70,right,orange,751,0
C48516,73,4714396,1,73,3902,blue,false,left,73,18,right,orange,865,0
C48516,74,4717778,1,41,3861,blue,false,left,41,80,right,orange,796,0
C48516,75,4721091,1,76,3785,blue,true,right,25,76,right,blue,970,0
C48516,76,4724579,1,34,3751,blue,false,left,34,52,right,orange,578,0
C48516,77,4727675,1,30,3721,blue,false,left,30,60,right,orange,1323,0
C48516,78,4731514,0,0,3721,blue,false,right,91,36,right,blue,858,0
C48516,79,4734888,0,0,3721,blue,false,left,70,59,left,blue,637,0
C48516,80,4738041,1,47,3674,blue,true,right,64,47,right,blue,644,0
C48516,81,4741202,0,0,3674,blue,false,right,28,44,right,blue,627,0
C48516,82,4744349,0,0,3674,blue,false,left,2,80,left,blue,567,0
C48516,83,4747431,0,0,3674,blue,false,right,20,39,right,blue,1159,0
C48516,84,4751103,0,0,3674,blue,false,left,32,61,left,blue,607,0
C48516,85,4754226,0,0,3674,blue,false,left,90,61,left,blue,492,0
C48516,86,4757230,1,70,3604,blue,true,left,62,70,left,blue,472,0
C48516,87,4760223,0,0,3604,blue,false,right,17,33,right,blue,724,0
C48516,88,4763462,0,0,3604,blue,false,right,74,17,right,blue,520,0
C48516,89,4766500,0,0,3604,blue,false,right,2,85,right,blue,1142,0
C48516,90,4770159,0,0,3604,blue,false,right,39,76,right,blue,701,0
C48516,91,4773375,0,0,3604,blue,false,right,70,20,right,blue,574,0
C48516,92,4776464,1,69,3535,blue,true,left,24,69,left,blue,638,0
C48516,93,4779618,1,52,3483,blue,true,right,59,52,right,blue,427,0
C48516,94,4786567,0,0,3483,blue,false,right,15,43,right,blue,669,0
C48516,95,4789750,1,34,3449,blue,true,right,50,34,right,blue,502,0
C48516,96,4792769,0,0,3449,blue,false,left,43,48,left,blue,755,0
C48516,97,4796039,1,35,3414,blue,true,left,14,35,left,blue,543,0
C48516,98,4799097,1,42,3372,blue,true,left,12,42,left,blue,490,0
C48516,99,4802109,1,44,3328,blue,true,left,40,44,left,blue,745,0
C48516,100,4805369,1,50,3278,blue,true,left,88,50,left,blue,756,0
C48516,101,4808645,1,19,3259,blue,true,left,51,19,left,blue,1056,0
C48516,102,4812217,0,0,3259,blue,true,left,44,59,right,orange,538,0
C48516,103,4815270,0,0,3259,blue,true,right,23,9,left,orange,776,0
C48516,104,4818559,0,0,3259,blue,true,left,23,76,right,orange,687,0
C48516,105,4821758,0,0,3259,blue,true,right,94,47,left,orange,407,0
C48516,106,4824677,1,67,3192,blue,false,right,67,56,left,orange,415,0
C48516,107,4827614,0,0,3192,blue,true,left,50,16,right,orange,584,0
C48516,108,4830709,0,0,3192,blue,true,left,83,7,right,orange,504,0
C48516,109,4833726,0,0,3192,blue,true,left,86,41,right,orange,432,0
C48516,110,4836671,0,0,3192,blue,true,left,61,37,right,orange,366,0
C48516,111,4839550,1,82,3110,blue,false,left,82,57,right,orange,429,0
C48516,112,4842498,1,68,3042,blue,false,left,68,28,right,orange,460,0
C48516,113,4845474,1,65,2977,blue,false,left,65,76,right,orange,900,0
C48516,114,4848897,0,0,2977,blue,false,right,25,19,right,blue,635,0
C48516,115,4852046,0,0,2977,blue,false,right,67,68,right,blue,1105,0
C48516,116,4855662,0,0,2977,blue,false,right,82,68,right,blue,607,0
C48516,117,4858784,0,0,2977,blue,false,left,88,19,left,blue,729,0
C48516,118,4862030,1,11,2966,blue,true,left,55,11,left,blue,551,0
C48516,119,4865105,1,36,2930,blue,true,right,74,36,right,blue,626,0
C48516,120,4868250,1,18,2912,blue,false,right,18,64,left,orange,946,0
C48516,121,4871719,0,0,2912,blue,false,left,15,3,left,blue,614,0
C48516,122,4874846,1,91,2821,blue,false,left,91,76,right,orange,2209,0
C48516,123,4879576,1,66,2755,blue,false,right,66,92,left,orange,1246,0
C48516,124,4883338,0,0,2755,blue,false,left,67,14,left,blue,653,0
C48516,125,4886502,1,77,2678,blue,true,left,11,77,left,blue,487,0
C48516,126,4889507,0,0,2678,blue,false,right,36,20,right,blue,2394,0
C48516,127,4894414,0,0,2678,blue,false,right,44,61,right,blue,600,0
C48516,128,4897532,0,0,2678,blue,false,right,4,34,right,blue,1029,0
C48516,129,4901080,0,0,2678,blue,false,left,86,63,left,blue,1046,0
C48516,130,4904641,0,0,2678,blue,false,left,99,43,left,blue,445,0
C48516,131,4907605,1,56,2622,blue,true,right,95,56,right,blue,720,0
C48516,132,4910843,0,0,2622,blue,false,right,89,63,right,blue,898,0
C48516,133,4914254,1,80,2542,blue,true,left,88,80,left,blue,688,0
C48516,134,4917458,0,0,2542,blue,false,left,5,10,left,blue,1187,0
C48516,135,4921163,1,80,2462,blue,true,left,35,80,left,blue,1273,0
C48516,136,4924954,1,57,2405,blue,true,right,8,57,right,blue,908,0
C48516,137,4928378,1,47,2358,blue,true,left,78,47,left,blue,941,0
C48516,138,4931845,0,0,2358,blue,true,left,5,99,right,orange,440,0
C48516,139,4934815,0,0,2358,blue,true,right,62,67,left,orange,790,0
C48516,140,4938126,1,95,2263,blue,false,right,95,27,left,orange,431,0
