Quiz_round,2,RESULT:,-,allCorrect
num_trial,optionsPresented_time,outcome,loss_amount,running_total,anchor_stim,blue_aversive,blue_side,amount_orange,amount_blue,chosen_side,chosen_color,response_time,trial_repeat_count
C49038,1,147200.09999989998,1,10,4990,blue,true,right,23,10,right,blue,1653,0
C49038,2,151394.52500001062,0,0,4990,blue,true,left,45,97,right,orange,1097,0
C49038,3,155028.12499995343,0,0,4990,blue,true,right,54,62,left,orange,1032,0
C49038,4,158599.76000001188,0,0,4990,blue,false,right,99,16,right,blue,1518,0
C49038,5,162656.05499991216,1,40,4950,blue,true,left,72,40,left,blue,943,0
C49038,6,166134.47499996983,1,88,4862,blue,true,right,98,88,right,blue,1055,0
C49038,7,169734.89999992307,0,0,4862,blue,true,left,6,54,right,orange,1098,0
C49038,8,173373.9999999525,0,0,4862,blue,true,right,64,55,left,orange,1601,0
C49038,9,177504.5149999205,0,0,4862,blue,false,right,96,45,right,blue,1101,0
C49038,10,181132.87500001024,1,19,4843,blue,true,right,28,19,right,blue,992,0
C49038,11,184658.00999989733,1,26,4817,blue,true,left,95,26,left,blue,2339,0
C49038,12,189521.05499990284,1,29,4788,blue,true,right,90,29,right,blue,695,0
C49038,13,192753.70999996085,0,0,4788,blue,true,right,20,53,left,orange,1034,0
C49038,14,196326.98999997228,1,56,4732,blue,true,right,74,56,right,blue,1146,0
C49038,15,200018.2049999712,0,0,4732,blue,true,left,18,42,right,orange,714,0
C49038,16,203283.02500001155,0,0,4732,blue,true,left,11,91,right,orange,1109,0
C49038,17,206930.59499992523,1,32,4700,blue,false,left,32,31,right,orange,691,0
C49038,18,210169.6599998977,0,0,4700,blue,true,left,36,65,right,orange,1412,0
C49038,19,214124.80499991216,1,40,4660,blue,false,left,40,30,right,orange,1465,0
C49038,20,218122.0650000032,1,26,4634,blue,true,right,29,26,right,blue,1452,0
C49038,21,222116.09499994665,1,32,4602,blue,false,left,32,36,right,orange,1293,0
C49038,22,225943.31000000238,0,0,4602,blue,true,right,72,81,left,orange,967,0
C49038,23,229445.83499990404,0,0,4602,blue,false,left,95,54,left,blue,1194,0
C49038,24,233167.5099999411,1,40,4562,blue,false,right,40,59,left,orange,649,0
C49038,25,236364.97499991674,0,0,4562,blue,false,left,29,24,left,blue,744,0
C49038,26,239629.90999990143,0,0,4562,blue,false,right,60,51,right,blue,800,0
C49038,27,242955.5049999617,0,0,4562,blue,false,left,83,65,left,blue,1000,0
C49038,28,246490.64999993425,0,0,4562,blue,true,left,78,98,right,orange,736,0
C49038,29,249753.90000001062,0,0,4562,blue,false,left,56,51,left,blue,702,0
C49038,30,252992.409999948,1,5,4557,blue,false,left,5,20,right,orange,713,0
C49038,31,256240.38500001188,0,0,4557,blue,false,left,67,2,left,blue,529,0
C49038,32,259308.52500000037,0,0,4557,blue,false,left,85,84,left,blue,875,0
C49038,33,262717.39000000525,0,0,4557,blue,true,right,7,49,left,orange,622,0
C49038,34,265878.289999906,1,37,4520,blue,false,left,37,47,right,orange,766,0
C49038,35,269182.9699999653,1,27,4493,blue,false,right,27,91,left,orange,514,0
C49038,36,272223.5749999527,0,0,4493,blue,false,right,44,42,right,blue,820,0
C49038,37,275585.7149999356,0,0,4493,blue,true,left,31,55,right,orange,646,0
C49038,38,278757.92000000365,0,0,4493,blue,false,right,97,70,right,blue,520,0
C49038,39,281803.45499992836,0,0,4493,blue,false,right,14,9,right,blue,588,0
C49038,40,284928.3099999884,0,0,4493,blue,true,left,23,51,right,orange,825,0
C49038,41,288279.17999995407,1,79,4414,blue,true,right,89,79,right,blue,843,0
C49038,42,291656.43999993335,0,0,4414,blue,true,right,83,86,left,orange,876,0
C49038,43,295066.7099999264,0,0,4414,blue,true,left,40,62,right,orange,918,0
C49038,44,298513.0449999124,1,23,4391,blue,true,left,36,23,left,blue,664,0
C49038,45,301712.0550000109,1,61,4330,blue,true,left,65,61,left,blue,1949,0
C49038,46,306201.00000000093,1,67,4263,blue,true,right,74,67,right,blue,869,0
C49038,47,309601.58999997657,1,41,4222,blue,true,left,73,41,left,blue,670,0
C49038,48,316813.8649999164,0,0,4222,blue,false,left,96,54,left,blue,2052,0
C49038,49,321403.3449999988,0,0,4222,blue,true,left,86,88,right,orange,1335,0
C49038,50,325272.05499995034,0,0,4222,blue,true,right,43,66,left,orange,947,0
C49038,51,328740.96999992616,0,0,4222,blue,true,right,72,79,left,orange,729,0
C49038,52,332004.58499998786,0,0,4222,blue,false,left,71,13,left,blue,495,0
C49038,53,335028.68999994826,1,53,4169,blue,true,left,78,53,left,blue,690,0
C49038,54,338248.6899999203,0,0,4169,blue,true,right,57,90,left,orange,762,0
C49038,55,341546.800000011,1,3,4166,blue,false,left,3,12,right,orange,590,0
C49038,56,344663.86500000954,0,0,4166,blue,true,left,2,64,right,orange,540,0
C49038,57,347740.31499994453,1,9,4157,blue,true,right,99,9,right,blue,622,0
C49038,58,350900.4899999127,0,0,4157,blue,true,left,21,42,right,orange,755,0
C49038,59,354205.0599999493,1,72,4085,blue,true,left,83,72,left,blue,777,0
C49038,60,357515.6199999619,1,11,4074,blue,true,right,37,11,right,blue,556,0
C49038,61,360608.08999999426,1,67,4007,blue,false,right,67,81,left,orange,848,0
C49038,62,363991.36999994516,0,0,4007,blue,true,right,12,14,left,orange,767,0
C49038,63,367280.50499991514,1,78,3929,blue,false,right,78,90,left,orange,653,0
C49038,64,370465.6299999915,1,46,3883,blue,false,right,46,53,left,orange,994,0
C49038,65,373993.62999992445,1,30,3853,blue,false,right,30,42,left,orange,519,0
C49038,66,377051.13499995787,1,36,3817,blue,false,right,36,65,left,orange,768,0
C49038,67,380365.1550000068,0,0,3817,blue,false,left,49,49,left,blue,1883,0
C49038,68,384785.09999997914,0,0,3817,blue,false,right,44,10,right,blue,683,0
C49038,69,387999.1349999327,0,0,3817,blue,false,right,70,64,right,blue,799,0
C49038,70,391336.21499990113,1,68,3749,blue,false,right,68,95,left,orange,739,0
C49038,71,394619.07499993686,1,38,3711,blue,false,right,38,46,left,orange,974,0
C49038,72,398131.04499992914,1,18,3693,blue,false,right,18,24,left,orange,615,0
C49038,73,401288.55499997735,0,0,3693,blue,false,left,82,78,left,blue,888,0
C49038,74,404707.67999999225,0,0,3693,blue,false,right,59,54,right,blue,728,0
C49038,75,407962.57999993395,0,0,3693,blue,false,left,36,33,left,blue,494,0
C49038,76,410990.72499992326,1,56,3637,blue,true,left,49,56,left,blue,802,0
C49038,77,414334.1650000075,1,26,3611,blue,false,left,26,83,right,orange,689,0
C49038,78,417567.14499997906,1,38,3573,blue,false,left,38,81,right,orange,766,0
C49038,79,420867.1649999451,0,0,3573,blue,false,left,12,3,left,blue,593,0
C49038,80,423985.19499995746,0,0,3573,blue,false,left,62,38,left,blue,729,0
C49038,81,427241.2899999181,1,43,3530,blue,false,left,43,50,right,orange,862,0
C49038,82,430642.4399999669,0,0,3530,blue,false,left,50,47,left,blue,986,0
C49038,83,434157.91499998886,1,35,3495,blue,true,right,41,35,right,blue,1035,0
C49038,84,437734.3549999641,1,9,3486,blue,false,left,9,62,right,orange,740,0
C49038,85,441014.56999999937,0,0,3486,blue,false,left,60,58,left,blue,796,0
C49038,86,444339.4599999301,0,0,3486,blue,false,right,88,31,right,blue,686,0
C49038,87,447549.89499994554,0,0,3486,blue,false,right,56,44,right,blue,637,0
C49038,88,450710.9949999722,1,15,3471,blue,true,left,31,15,left,blue,792,0
C49038,89,454046.2099999422,0,0,3471,blue,false,left,90,31,left,blue,684,0
C49038,90,457260.9099999536,0,0,3471,blue,false,left,80,76,left,blue,1038,0
C49038,91,460835.4849999305,0,0,3471,blue,false,left,78,4,left,blue,726,0
C49038,92,464102.34499990474,0,0,3471,blue,false,right,60,28,right,blue,1046,0
C49038,93,467681.86499993317,0,0,3471,blue,true,right,56,99,left,orange,697,0
C49038,94,474912.5599999679,0,0,3471,blue,false,left,31,45,left,blue,1244,0
C49038,95,478690.7699999865,0,0,3471,blue,false,right,55,16,right,blue,746,0
C49038,96,481977.92999993544,0,0,3471,blue,true,left,12,89,right,orange,740,0
C49038,97,485247.849999927,0,0,3471,blue,false,right,49,4,right,blue,587,0
C49038,98,488364.41499996,0,0,3471,blue,false,left,69,12,left,blue,540,0
C49038,99,491445.9749999223,1,26,3445,blue,true,left,49,26,left,blue,645,0
C49038,100,494630.8949999511,1,75,3370,blue,false,left,75,76,right,orange,1583,0
C49038,101,498750.3999999026,1,22,3348,blue,false,left,22,90,right,orange,651,0
C49038,102,501934.179999982,1,23,3325,blue,true,left,26,23,left,blue,601,0
C49038,103,505066.7899999535,1,11,3314,blue,false,left,11,68,right,orange,607,0
C49038,104,508203.71499995235,1,82,3232,blue,true,right,71,82,right,blue,567,0
C49038,105,511317.21499993,1,86,3146,blue,false,right,86,95,left,orange,874,0
C49038,106,514727.87999990396,1,79,3067,blue,false,right,79,88,left,orange,698,0
C49038,107,517953.6150000058,0,0,3067,blue,false,left,75,40,left,blue,719,0
C49038,108,521209.8049999913,1,11,3056,blue,false,left,11,94,right,orange,581,0
C49038,109,524331.119999988,1,44,3012,blue,true,right,53,44,right,blue,1014,0
C49038,110,527890.2749998961,0,0,3012,blue,false,left,85,17,left,blue,709,0
C49038,111,531132.7549999114,1,32,2980,blue,true,right,85,32,right,blue,587,0
C49038,112,534248.9449999994,1,38,2942,blue,false,right,38,68,left,orange,760,0
C49038,113,537541.7799999705,1,28,2914,blue,false,right,28,93,left,orange,671,0
C49038,114,540739.7049999563,1,13,2901,blue,false,left,13,95,right,orange,616,0
C49038,115,543880.8250000002,0,0,2901,blue,false,right,69,60,right,blue,870,0
C49038,116,547287.2699999716,0,0,2901,blue,true,right,56,95,left,orange,689,0
C49038,117,550505.7950000046,1,2,2899,blue,false,left,2,41,right,orange,541,0
C49038,118,553586.6699999897,0,0,2899,blue,false,right,42,5,right,blue,604,0
C49038,119,556725.6399999605,0,0,2899,blue,false,left,44,30,left,blue,629,0
C49038,120,559893.844999955,0,0,2899,blue,false,left,79,4,left,blue,519,0
C49038,121,562939.5149999764,1,83,2816,blue,false,right,83,87,left,orange,950,0
C49038,122,566430.4049999919,0,0,2816,blue,false,right,59,44,right,blue,711,0
C49038,123,569665.9049999435,1,10,2806,blue,true,left,15,10,left,blue,724,0
C49038,124,572924.0199999185,0,0,2806,blue,false,left,60,15,left,blue,750,0
C49038,125,576201.304999995,0,0,2806,blue,false,right,73,25,right,blue,1171,0
C49038,126,579902.829999919,0,0,2806,blue,false,right,43,23,right,blue,613,0
C49038,127,583053.089999943,1,22,2784,blue,false,right,22,87,left,orange,616,0
C49038,128,586201.0299999965,0,0,2784,blue,true,right,27,77,left,orange,598,0
C49038,129,589325.1399999717,0,0,2784,blue,false,left,99,35,left,blue,1001,0
C49038,130,592851.384999929,1,39,2745,blue,true,right,49,39,right,blue,1214,0
C49038,131,596610.869999975,0,0,2745,blue,false,right,83,60,right,blue,884,0
C49038,132,600031.1349999392,1,54,2691,blue,true,right,61,54,right,blue,586,0
C49038,133,603154.2699999409,0,0,2691,blue,false,right,82,34,right,blue,523,0
C49038,134,606219.449999975,0,0,2691,blue,false,left,96,86,left,blue,877,0
C49038,135,609623.8299999386,0,0,2691,blue,false,left,65,27,left,blue,578,0
C49038,136,612726.9749999978,1,63,2628,blue,false,left,63,93,right,orange,644,0
C49038,137,615902.6949999388,0,0,2628,blue,false,left,65,40,left,blue,582,0
C49038,138,619012.1149999322,1,7,2621,blue,false,right,7,69,left,orange,1185,0
C49038,139,622735.1849999977,1,28,2593,blue,true,left,94,28,left,blue,897,0
C49038,140,626175.0599999214,0,0,2593,blue,false,right,90,4,right,blue,554,0
