Quiz_round,2,RESULT:,-,allCorrect
num_trial,optionsPresented_time,outcome,loss_amount,running_total,anchor_stim,blue_aversive,blue_side,amount_orange,amount_blue,chosen_side,chosen_color,response_time,trial_repeat_count
C49722,1,162579,1,10,4990,blue,true,right,23,10,right,blue,1907,0
C49722,2,167022,0,0,4990,blue,true,left,45,97,right,orange,1218,0
C49722,3,170770,0,0,4990,blue,true,left,54,62,right,orange,604,0
C49722,4,173913,1,99,4891,blue,false,right,99,16,left,orange,616,0
C49722,5,177064,0,0,4891,blue,true,left,72,40,right,orange,623,0
C49722,6,180219,0,0,4891,blue,true,right,98,88,left,orange,885,0
C49722,7,183635,0,0,4891,blue,true,right,6,54,left,orange,1231,0
C49722,8,187399,0,0,4891,blue,true,left,64,55,right,orange,619,0
C49722,9,190551.00000000003,1,96,4795,blue,false,right,96,45,left,orange,691,0
C49722,10,193781,1,19,4776,blue,true,left,28,19,left,blue,850,0
C49722,11,197174,0,0,4776,blue,true,right,95,26,left,orange,581,0
C49722,12,200288,0,0,4776,blue,true,left,90,29,right,orange,641,0
C49722,13,203461,0,0,4776,blue,true,left,20,53,right,orange,820,0
C49722,14,206815,0,0,4776,blue,true,right,74,56,left,orange,804,0
C49722,15,210151,0,0,4776,blue,true,left,18,42,right,orange,793,0
C49722,16,213485,0,0,4776,blue,true,right,11,91,left,orange,585,0
C49722,17,216604,1,32,4744,blue,false,left,32,31,right,orange,715,0
C49722,18,219854,0,0,4744,blue,true,left,36,65,right,orange,654,0
C49722,19,223040,1,40,4704,blue,false,left,40,30,right,orange,843,0
C49722,20,226420.00000000003,0,0,4704,blue,true,right,29,26,left,orange,750,0
C49722,21,229700.00000000003,1,32,4672,blue,false,left,32,36,right,orange,593,0
C49722,22,232837.00000000003,0,0,4672,blue,true,left,72,81,right,orange,1034,0
C49722,23,236407,1,95,4577,blue,false,left,95,54,right,orange,886,0
C49722,24,239833,1,40,4537,blue,false,left,40,59,right,orange,913,0
C49722,25,243281,1,29,4508,blue,false,right,29,24,left,orange,715,0
C49722,26,246532,0,0,4508,blue,false,left,60,51,left,blue,500,0
C49722,27,249573,0,0,4508,blue,false,left,83,65,left,blue,617,0
C49722,28,252720,1,98,4410,blue,true,right,78,98,right,blue,627,0
C49722,29,255881,0,0,4410,blue,false,right,56,51,right,blue,442,0
C49722,30,258848,0,0,4410,blue,false,right,5,20,right,blue,846,0
C49722,31,262225,0,0,4410,blue,false,left,67,2,left,blue,899,0
C49722,32,265656,0,0,4410,blue,false,right,85,84,right,blue,813,0
C49722,33,268999,1,49,4361,blue,true,right,7,49,right,blue,951,0
C49722,34,272496,0,0,4361,blue,false,right,37,47,right,blue,779,0
C49722,35,275807,0,0,4361,blue,false,right,27,91,right,blue,780,0
C49722,36,279118,0,0,4361,blue,false,left,44,42,left,blue,855,0
C49722,37,282505,1,55,4306,blue,true,right,31,55,right,blue,596,0
C49722,38,285636,0,0,4306,blue,false,left,97,70,left,blue,839,0
C49722,39,289015,0,0,4306,blue,false,left,14,9,left,blue,735,0
C49722,40,292285,1,51,4255,blue,true,left,23,51,left,blue,742,0
C49722,41,295564,0,0,4255,blue,true,right,89,79,left,orange,663,0
C49722,42,298763.00000000006,0,0,4255,blue,true,right,83,86,left,orange,658,0
C49722,43,301968,0,0,4255,blue,true,left,40,62,right,orange,682,0
C49722,44,305183,0,0,4255,blue,true,left,36,23,right,orange,719,0
C49722,45,308434,0,0,4255,blue,true,left,65,61,right,orange,717,0
C49722,46,311686,0,0,4255,blue,true,right,74,67,left,orange,818,0
C49722,47,315041,0,0,4255,blue,true,left,73,41,right,orange,510,0
C49722,48,322098,1,96,4159,blue,false,right,96,54,left,orange,1519,0
C49722,49,326163,0,0,4159,blue,true,right,86,88,left,orange,468,0
C49722,50,329163,0,0,4159,blue,true,right,43,66,left,orange,572,0
C49722,51,332268,0,0,4159,blue,true,left,72,79,right,orange,750,0
C49722,52,335558,1,71,4088,blue,false,left,71,13,right,orange,512,0
C49722,53,338604,1,53,4035,blue,true,right,78,53,right,blue,577,0
C49722,54,341730,0,0,4035,blue,true,right,57,90,left,orange,552,0
C49722,55,344816.00000000006,1,3,4032,blue,false,right,3,12,left,orange,691,0
C49722,56,348042.00000000006,0,0,4032,blue,true,right,2,64,left,orange,789,0
C49722,57,351361,1,9,4023,blue,true,right,99,9,right,blue,896,0
C49722,58,354796,0,0,4023,blue,true,left,21,42,right,orange,948,0
C49722,59,358280.00000000006,0,0,4023,blue,true,right,83,72,left,orange,534,0
C49722,60,361343,0,0,4023,blue,true,left,37,11,right,orange,1152,0
C49722,61,365030.00000000006,1,67,3956,blue,false,left,67,81,right,orange,529,0
C49722,62,368098,0,0,3956,blue,true,right,12,14,left,orange,1162,0
C49722,63,371792.00000000006,1,78,3878,blue,false,right,78,90,left,orange,643,0
C49722,64,374969,1,46,3832,blue,false,right,46,53,left,orange,766,0
C49722,65,378271,0,0,3832,blue,false,right,30,42,right,blue,439,0
C49722,66,381247,0,0,3832,blue,false,left,36,65,left,blue,713,0
C49722,67,384497,0,0,3832,blue,false,right,49,49,right,blue,645,0
C49722,68,387683,0,0,3832,blue,false,right,44,10,right,blue,391,0
C49722,69,390609,0,0,3832,blue,false,left,70,64,left,blue,589,0
C49722,70,393731,0,0,3832,blue,false,left,68,95,left,blue,406,0
C49722,71,396676,0,0,3832,blue,false,left,38,46,left,blue,436,0
C49722,72,399642,0,0,3832,blue,false,right,18,24,right,blue,580,0
C49722,73,402753,0,0,3832,blue,false,right,82,78,right,blue,508,0
C49722,74,405793,0,0,3832,blue,false,left,59,54,left,blue,575,0
C49722,75,408905.00000000006,0,0,3832,blue,false,left,36,33,left,blue,621,0
C49722,76,412064,1,56,3776,blue,true,right,49,56,right,blue,700,0
C49722,77,415298,0,0,3776,blue,false,right,26,83,right,blue,416,0
C49722,78,418246,0,0,3776,blue,false,right,38,81,right,blue,705,0
C49722,79,421481,0,0,3776,blue,false,left,12,3,left,blue,831,0
C49722,80,424845,0,0,3776,blue,false,left,62,38,left,blue,443,0
C49722,81,427824,0,0,3776,blue,false,right,43,50,right,blue,416,0
C49722,82,430776,0,0,3776,blue,false,left,50,47,left,blue,501,0
C49722,83,433813,1,35,3741,blue,true,right,41,35,right,blue,540,0
C49722,84,436891,0,0,3741,blue,false,left,9,62,left,blue,522,0
C49722,85,439955,0,0,3741,blue,false,right,60,58,right,blue,596,0
C49722,86,443093,0,0,3741,blue,false,right,88,31,right,blue,561,0
C49722,87,446187,0,0,3741,blue,false,left,56,44,left,blue,427,0
C49722,88,449151,1,15,3726,blue,true,left,31,15,left,blue,402,0
C49722,89,452091,0,0,3726,blue,false,left,90,31,left,blue,526,0
C49722,90,455151,0,0,3726,blue,false,left,80,76,left,blue,555,0
C49722,91,458247,0,0,3726,blue,false,left,78,4,left,blue,520,0
C49722,92,461299.00000000006,0,0,3726,blue,false,right,60,28,right,blue,491,0
C49722,93,464325,1,99,3627,blue,true,left,56,99,left,blue,462,0
C49722,94,471331,0,0,3627,blue,false,left,31,45,left,blue,1013,0
C49722,95,474881,0,0,3627,blue,false,right,55,16,right,blue,613,0
C49722,96,478038,1,89,3538,blue,true,left,12,89,left,blue,508,0
C49722,97,481080,0,0,3538,blue,false,left,49,4,left,blue,661,0
C49722,98,484272,0,0,3538,blue,false,left,69,12,left,blue,728,0
C49722,99,487532,1,26,3512,blue,true,right,49,26,right,blue,613,0
C49722,100,490680,0,0,3512,blue,false,right,75,76,right,blue,878,0
C49722,101,494092,1,22,3490,blue,false,right,22,90,left,orange,1182,0
C49722,102,497812,1,23,3467,blue,true,right,26,23,right,blue,647,0
C49722,103,501008.00000000006,0,0,3467,blue,false,right,11,68,right,blue,439,0
C49722,104,503981,1,82,3385,blue,true,left,71,82,left,blue,537,0
C49722,105,507055,0,0,3385,blue,false,right,86,95,right,blue,467,0
C49722,106,510059,0,0,3385,blue,false,left,79,88,left,blue,939,0
C49722,107,513534.99999999994,0,0,3385,blue,false,right,75,40,right,blue,980,0
C49722,108,517057,1,11,3374,blue,false,right,11,94,left,orange,1038,0
C49722,109,520634,1,44,3330,blue,true,left,53,44,left,blue,765,0
C49722,110,523936.00000000006,0,0,3330,blue,false,left,85,17,left,blue,489,0
C49722,111,526959.0000000001,1,32,3298,blue,true,right,85,32,right,blue,753,0
C49722,112,530257.0000000001,1,38,3260,blue,false,right,38,68,left,orange,664,0
C49722,113,533461,1,28,3232,blue,false,right,28,93,left,orange,625,0
C49722,114,536625,0,0,3232,blue,false,left,13,95,left,blue,834,0
C49722,115,539990,0,0,3232,blue,false,left,69,60,left,blue,648,0
C49722,116,543168,1,95,3137,blue,true,left,56,95,left,blue,1080,0
C49722,117,546782,1,2,3135,blue,false,left,2,41,right,orange,942,0
C49722,118,550259,0,0,3135,blue,false,right,42,5,right,blue,954,0
C49722,119,553746,0,0,3135,blue,false,right,44,30,right,blue,655,0
C49722,120,556936,0,0,3135,blue,false,right,79,4,right,blue,541,0
C49722,121,560012,0,0,3135,blue,false,left,83,87,left,blue,684,0
C49722,122,563228.0000000001,0,0,3135,blue,false,right,59,44,right,blue,696,0
C49722,123,566461,1,10,3125,blue,true,right,15,10,right,blue,568,0
C49722,124,569569,0,0,3125,blue,false,left,60,15,left,blue,545,0
C49722,125,572643,0,0,3125,blue,false,right,73,25,right,blue,710,0
C49722,126,575884,0,0,3125,blue,false,right,43,23,right,blue,595,0
C49722,127,579015,0,0,3125,blue,false,right,22,87,right,blue,1196,0
C49722,128,582753,1,77,3048,blue,true,right,27,77,right,blue,686,0
C49722,129,585979,0,0,3048,blue,false,left,99,35,left,blue,975,0
C49722,130,589494,1,39,3009,blue,true,right,49,39,right,blue,684,0
C49722,131,592722,0,0,3009,blue,false,left,83,60,left,blue,499,0
C49722,132,595765,1,54,2955,blue,true,right,61,54,right,blue,1015,0
C49722,133,599322,0,0,2955,blue,false,right,82,34,right,blue,683,0
C49722,134,602537,0,0,2955,blue,false,right,96,86,right,blue,1144,0
C49722,135,606215,0,0,2955,blue,false,right,65,27,right,blue,693,0
C49722,136,609447,0,0,2955,blue,false,right,63,93,right,blue,1059,0
C49722,137,613038,0,0,2955,blue,false,right,65,40,right,blue,844,0
C49722,138,616418,0,0,2955,blue,false,right,7,69,right,blue,1165,0
C49722,139,620112,1,28,2927,blue,true,right,94,28,right,blue,759,0
C49722,140,623405,0,0,2927,blue,false,left,90,4,left,blue,978,0
