Quiz_round,2,RESULT:,-,allCorrect
num_trial,optionsPresented_time,outcome,loss_amount,running_total,anchor_stim,blue_aversive,blue_side,amount_orange,amount_blue,chosen_side,chosen_color,response_time,trial_repeat_count
1,2415086.5999999642,1,37,4963,blue,true,left,44,37,left,blue,1914,0
2,2419539.699999988,0,0,4963,blue,true,left,66,12,right,orange,1059,0
3,2423139.300000012,1,9,4954,blue,true,left,98,9,left,blue,709,0
4,2426405.199999988,1,20,4934,blue,false,right,20,91,left,orange,875,0
5,2429820.899999976,1,8,4926,blue,true,right,28,8,right,blue,750,0
6,2433120.5999999642,0,0,4926,blue,true,right,30,33,left,orange,1905,0
7,2437568.800000012,1,24,4902,blue,true,left,27,24,left,blue,2990,0
8,2443099.399999976,1,58,4844,blue,false,left,58,43,right,orange,1156,0
9,2446800.5,1,47,4797,blue,true,left,72,47,left,blue,1472,0
10,2450814.5,0,0,4797,blue,false,right,44,44,right,blue,1031,0
11,2454379.800000012,1,26,4771,blue,true,right,69,26,right,blue,860,0
12,2457778.300000012,0,0,4771,blue,true,left,6,41,right,orange,626,0
13,2460944.800000012,1,34,4737,blue,true,left,88,34,left,blue,2129,0
14,2465625.399999976,0,0,4737,blue,false,right,73,18,right,blue,621,0
15,2468791.800000012,1,25,4712,blue,true,right,60,25,right,blue,361,0
16,2471691.699999988,0,0,4712,blue,true,left,68,6,right,orange,252,0
17,2474490.199999988,0,0,4712,blue,false,left,48,39,left,blue,3244,0
18,2480274.0999999642,0,0,4712,blue,true,right,35,76,left,orange,834,0
19,2483637.699999988,0,0,4712,blue,true,left,23,85,right,orange,2472,0
20,2488654.399999976,1,22,4690,blue,true,left,54,22,left,blue,1249,0
21,2492449.0999999642,1,66,4624,blue,false,right,66,58,left,orange,314,0
22,2495301,1,41,4583,blue,true,right,98,41,right,blue,239,0
23,2498086.399999976,0,0,4583,blue,true,right,58,80,left,orange,470,0
24,2501099.800000012,0,0,4583,blue,true,left,32,85,right,orange,533,0
25,2504155.300000012,1,83,4500,blue,false,left,83,15,right,orange,413,0
26,2507112.300000012,1,16,4484,blue,true,left,18,16,left,blue,263,0
27,2509914,1,99,4385,blue,true,right,56,99,right,blue,54,0
28,2512513.5999999642,1,75,4310,blue,true,right,23,75,right,blue,378,0
29,2515445.199999988,1,18,4292,blue,true,right,68,18,right,blue,223,0
30,2518210.699999988,0,0,4292,blue,true,left,30,16,right,orange,401,0
31,2521160,0,0,4292,blue,true,right,86,37,left,orange,438,0
32,2524142.5,0,0,4292,blue,true,left,47,44,right,orange,426,0
33,2527104.800000012,0,0,4292,blue,true,left,3,91,right,orange,514,0
34,2530157.899999976,1,60,4232,blue,false,left,60,14,right,orange,384,0
35,2533090.399999976,1,84,4148,blue,true,left,54,84,left,blue,475,0
36,2536104.399999976,1,23,4125,blue,true,right,34,23,right,blue,458,0
37,2539105.300000012,0,0,4125,blue,true,right,96,28,left,orange,445,0
38,2542088.0999999642,1,83,4042,blue,false,left,83,94,right,orange,392,0
39,2545019.699999988,0,0,4042,blue,true,left,63,86,right,orange,508,0
40,2548069.699999988,1,53,3989,blue,true,right,99,53,right,blue,47,0
41,2550651.699999988,0,0,3989,blue,true,right,29,91,left,orange,299,0
42,2553484.800000012,1,64,3925,blue,true,left,88,64,left,blue,333,0
43,2556369.399999976,0,0,3925,blue,true,right,84,70,left,orange,421,0
44,2559332.5999999642,1,61,3864,blue,false,right,61,88,left,orange,257,0
45,2562131.399999976,0,0,3864,blue,true,left,61,43,right,orange,259,0
46,2564931.399999976,0,0,3864,blue,true,right,87,54,left,orange,342,0
47,2567818.300000012,1,5,3859,blue,false,right,5,90,left,orange,409,0
48,2574772.300000012,0,0,3859,blue,true,left,71,44,right,orange,1781,0
49,2579093.300000012,0,0,3859,blue,true,right,42,52,left,orange,918,0
50,2582558.899999976,0,0,3859,blue,true,left,39,93,right,orange,471,0
51,2585574.399999976,1,24,3835,blue,true,left,39,24,left,blue,855,0
52,2588972.800000012,1,20,3815,blue,false,left,20,10,right,orange,1095,0
53,2592605.5,0,0,3815,blue,false,right,85,43,right,blue,832,0
54,2595971.800000012,0,0,3815,blue,false,left,77,7,left,blue,370,0
55,2598871.199999988,1,90,3725,blue,true,left,95,90,left,blue,472,0
56,2601886,1,7,3718,blue,true,right,56,7,right,blue,1052,0
57,2605468.800000012,0,0,3718,blue,true,right,50,69,left,orange,469,0
58,2608470.800000012,0,0,3718,blue,true,left,4,83,right,orange,443,0
59,2611450.899999976,1,40,3678,blue,false,left,40,8,right,orange,1595,0
60,2615582.800000012,0,0,3678,blue,true,right,47,86,left,orange,534,0
61,2618648.899999976,1,49,3629,blue,true,left,15,49,left,blue,393,0
62,2621582.0999999642,0,0,3629,blue,true,left,17,39,right,orange,428,0
63,2624551.5999999642,1,76,3553,blue,false,left,76,97,right,orange,446,0
64,2627533.0999999642,1,14,3539,blue,true,right,73,14,right,blue,477,0
65,2630544.899999976,1,29,3510,blue,true,right,67,29,right,blue,445,0
66,2633527.899999976,1,39,3471,blue,true,left,48,39,left,blue,363,0
67,2636426.5,0,0,3471,blue,true,right,30,99,left,orange,354,0
68,2639326.399999976,1,13,3458,blue,false,left,13,20,right,orange,333,0
69,2642191.699999988,0,0,3458,blue,true,right,66,59,left,orange,278,0
70,2645007.300000012,1,60,3398,blue,true,left,20,60,left,blue,87,0
71,2647639.0999999642,0,0,3398,blue,true,right,41,25,left,orange,227,0
72,2650406.199999988,0,0,3398,blue,false,right,76,70,right,blue,282,0
73,2653220.699999988,1,73,3325,blue,false,right,73,18,left,orange,281,0
74,2656054.0999999642,0,0,3325,blue,false,right,41,80,right,blue,290,0
75,2658886.199999988,1,76,3249,blue,true,left,25,76,left,blue,1445,0
76,2662868.699999988,0,0,3249,blue,false,left,34,52,left,blue,623,0
77,2666034.899999976,0,0,3249,blue,false,right,30,60,right,blue,999,0
78,2669567.300000012,1,91,3158,blue,false,right,91,36,left,orange,541,0
79,2672649.800000012,0,0,3158,blue,false,left,70,59,left,blue,557,0
80,2675748,1,47,3111,blue,true,left,64,47,left,blue,511,0
81,2678800.5999999642,1,28,3083,blue,false,right,28,44,left,orange,412,0
82,2681746,0,0,3083,blue,false,right,2,80,right,blue,263,0
83,2684549.5,0,0,3083,blue,false,right,20,39,right,blue,243,0
84,2687318.899999976,0,0,3083,blue,false,left,32,61,left,blue,519,0
85,2690378,0,0,3083,blue,false,right,90,61,right,blue,436,0
86,2693360,0,0,3083,blue,true,right,62,70,left,orange,1151,0
87,2697041.699999988,1,17,3066,blue,false,right,17,33,left,orange,517,0
88,2700091.5999999642,0,0,3066,blue,false,right,74,17,right,blue,597,0
89,2703225.0999999642,1,2,3064,blue,false,right,2,85,left,orange,598,0
90,2706372.699999988,1,39,3025,blue,false,left,39,76,right,orange,1954,0
91,2710855.300000012,0,0,3025,blue,false,right,70,20,right,blue,791,0
92,2714187.300000012,0,0,3025,blue,true,left,24,69,right,orange,749,0
93,2717471.800000012,1,52,2973,blue,true,right,59,52,right,blue,1499,0
94,2725519.800000012,0,0,2973,blue,false,left,15,43,left,blue,140,0
95,2728200.300000012,1,34,2939,blue,true,right,50,34,right,blue,526,0
96,2731264.899999976,0,0,2939,blue,false,left,43,48,left,blue,583,0
97,2734380.300000012,0,0,2939,blue,true,right,14,35,left,orange,829,0
98,2737746.5,0,0,2939,blue,true,left,12,42,right,orange,501,0
99,2740779.0999999642,0,0,2939,blue,true,left,40,44,right,orange,506,0
100,2743828.199999988,1,50,2889,blue,true,right,88,50,right,blue,644,0
101,2747012.399999976,1,19,2870,blue,true,left,51,19,left,blue,976,0
102,2750526.5999999642,0,0,2870,blue,true,left,44,59,right,orange,487,0
103,2753542.5,0,0,2870,blue,true,left,23,9,right,orange,337,0
104,2756424.800000012,0,0,2870,blue,true,left,23,76,right,orange,702,0
105,2759656.800000012,1,47,2823,blue,true,right,94,47,right,blue,955,0
106,2763156.300000012,1,67,2756,blue,false,right,67,56,left,orange,689,0
107,2766388.399999976,0,0,2756,blue,true,right,50,16,left,orange,71,0
108,2768987.699999988,0,0,2756,blue,true,right,83,7,left,orange,350,0
109,2771872,0,0,2756,blue,true,left,86,41,right,orange,527,0
110,2774936.899999976,1,37,2719,blue,true,right,61,37,right,blue,537,0
111,2778019.0999999642,1,82,2637,blue,false,left,82,57,right,orange,459,0
112,2781017.5,0,0,2637,blue,false,right,68,28,right,blue,510,0
113,2784066.800000012,0,0,2637,blue,false,right,65,76,right,blue,408,0
114,2787015.5,0,0,2637,blue,false,left,25,19,left,blue,455,0
115,2790016.5,0,0,2637,blue,false,right,67,68,right,blue,357,0
116,2792914.300000012,0,0,2637,blue,false,right,82,68,right,blue,532,0
117,2795980.5,0,0,2637,blue,false,right,88,19,right,blue,627,0
118,2799146.0999999642,1,11,2626,blue,true,right,55,11,right,blue,1144,0
119,2802827,0,0,2626,blue,true,right,74,36,left,orange,295,0
120,2805661.300000012,1,18,2608,blue,false,right,18,64,left,orange,347,0
121,2808544,0,0,2608,blue,false,left,15,3,left,blue,382,0
122,2811458.5999999642,0,0,2608,blue,false,right,91,76,right,blue,650,0
123,2814641.300000012,0,0,2608,blue,false,left,66,92,left,blue,427,0
124,2817607.300000012,0,0,2608,blue,false,right,67,14,right,blue,376,0
125,2820521.199999988,0,0,2608,blue,true,left,11,77,right,orange,622,0
126,2823688.5999999642,0,0,2608,blue,false,left,36,20,left,blue,822,0
127,2827054.199999988,0,0,2608,blue,false,left,44,61,left,blue,522,0
128,2830120,1,4,2604,blue,false,left,4,34,right,orange,604,0
129,2833268.800000012,0,0,2604,blue,false,right,86,63,right,blue,1160,0
130,2836968,0,0,2604,blue,false,right,99,43,right,blue,422,0
131,2839933.899999976,1,56,2548,blue,true,right,95,56,right,blue,357,0
132,2842832.699999988,1,89,2459,blue,false,right,89,63,left,orange,476,0
133,2845848.800000012,1,80,2379,blue,true,left,88,80,left,blue,414,0
134,2848798,0,0,2379,blue,false,left,5,10,left,blue,531,0
135,2851867.300000012,0,0,2379,blue,true,left,35,80,right,orange,619,0
136,2855028.899999976,0,0,2379,blue,true,right,8,57,left,orange,410,0
137,2857978.399999976,0,0,2379,blue,true,left,78,47,right,orange,465,0
138,2860977.399999976,0,0,2379,blue,true,left,5,99,right,orange,582,0
139,2864092.699999988,1,67,2312,blue,true,left,62,67,left,blue,896,0
140,2867530.399999976,0,0,2312,blue,false,left,95,27,left,blue,385,0
