Quiz_round,2,RESULT:,SideGoodness,Incorrect
num_trial,optionsPresented_time,outcome,loss_amount,running_total,anchor_stim,blue_aversive,blue_side,amount_orange,amount_blue,chosen_side,chosen_color,response_time,trial_repeat_count
1,726789.8999999762,1,37,4963,blue,true,left,44,37,left,blue,2158,0
2,731475.8000000119,0,0,4963,blue,true,left,66,12,right,orange,2147,0
3,736147.6999999881,0,0,4963,blue,true,right,98,9,left,orange,1973,0
4,740648.1999999881,1,20,4943,blue,false,left,20,91,right,orange,1033,0
5,744209.8999999762,0,0,4943,blue,true,left,28,8,right,orange,400,0
6,747134.5,0,0,4943,blue,true,left,30,33,right,orange,674,0
7,750332.6000000238,0,0,4943,blue,true,left,27,24,right,orange,1294,0
8,754148.3999999762,1,58,4885,blue,false,right,58,43,left,orange,1159,0
9,757839.5,1,47,4838,blue,true,right,72,47,right,blue,269,0
10,760640.6000000238,0,0,4838,blue,false,right,44,44,right,blue,368,0
11,763532.1999999881,1,26,4812,blue,true,left,69,26,left,blue,946,0
12,767010.6999999881,1,41,4771,blue,true,right,6,41,right,blue,701,0
13,770241.6999999881,1,34,4737,blue,true,left,88,34,left,blue,546,0
14,773312,1,73,4664,blue,false,left,73,18,right,orange,434,0
15,776274.8000000119,0,0,4664,blue,true,right,60,25,left,orange,692,0
16,779493.8999999762,0,0,4664,blue,true,left,68,6,right,orange,431,0
17,782449.6999999881,1,48,4616,blue,false,right,48,39,left,orange,433,0
18,785416.3000000119,0,0,4616,blue,true,left,35,76,right,orange,491,0
19,788430.1000000238,0,0,4616,blue,true,right,23,85,left,orange,442,0
20,791397.1000000238,1,22,4594,blue,true,left,54,22,left,blue,553,0
21,794479.8000000119,1,66,4528,blue,false,left,66,58,right,orange,422,0
22,797432.1000000238,0,0,4528,blue,true,right,98,41,left,orange,439,0
23,800395.6000000238,0,0,4528,blue,true,left,58,80,right,orange,518,0
24,803435.3000000119,0,0,4528,blue,true,right,32,85,left,orange,431,0
25,806390.8999999762,1,83,4445,blue,false,right,83,15,left,orange,416,0
26,809339.6000000238,0,0,4445,blue,true,right,18,16,left,orange,420,0
27,812281.5,0,0,4445,blue,true,left,56,99,right,orange,539,0
28,815343,0,0,4445,blue,true,right,23,75,left,orange,516,0
29,818379.3999999762,0,0,4445,blue,true,right,68,18,left,orange,440,0
30,821340.1999999881,0,0,4445,blue,true,left,30,16,right,orange,485,0
31,824350.1000000238,0,0,4445,blue,true,left,86,37,right,orange,449,0
32,827324.6999999881,0,0,4445,blue,true,right,47,44,left,orange,555,0
33,830402.1000000238,0,0,4445,blue,true,left,3,91,right,orange,455,0
34,833374.8999999762,1,60,4385,blue,false,right,60,14,left,orange,776,0
35,836682.3000000119,1,84,4301,blue,true,left,54,84,left,blue,580,0
36,839790.3000000119,0,0,4301,blue,true,left,34,23,right,orange,353,0
37,842664.3000000119,0,0,4301,blue,true,left,96,28,right,orange,397,0
38,845585,1,83,4218,blue,false,right,83,94,left,orange,404,0
39,848519,0,0,4218,blue,true,right,63,86,left,orange,378,0
40,851421.1000000238,0,0,4218,blue,true,left,99,53,right,orange,462,0
41,854406.6000000238,0,0,4218,blue,true,right,29,91,left,orange,965,0
42,857893.6000000238,0,0,4218,blue,true,right,88,64,left,orange,662,0
43,861079.3999999762,0,0,4218,blue,true,right,84,70,left,orange,759,0
44,864362.1000000238,1,61,4157,blue,false,right,61,88,left,orange,754,0
45,867645.3999999762,0,0,4157,blue,true,right,61,43,left,orange,1564,0
46,871731.8999999762,0,0,4157,blue,true,right,87,54,left,orange,1636,0
47,875890.8999999762,0,0,4157,blue,false,right,5,90,right,blue,955,0
48,883379.6000000238,0,0,4157,blue,true,right,71,44,left,orange,1982,0
49,887886.3000000119,0,0,4157,blue,true,right,42,52,left,orange,515,0
50,890925.6000000238,0,0,4157,blue,true,left,39,93,right,orange,1506,0
51,894955.1000000238,0,0,4157,blue,true,left,39,24,right,orange,876,0
52,898348.6999999881,1,20,4137,blue,false,right,20,10,left,orange,759,0
53,901633.3000000119,1,85,4052,blue,false,right,85,43,left,orange,432,0
54,904595.6000000238,0,0,4052,blue,false,right,77,7,right,blue,466,0
55,907581.6999999881,1,90,3962,blue,true,right,95,90,right,blue,511,0
56,910621.1000000238,1,7,3955,blue,true,left,56,7,left,blue,479,0
57,913628,0,0,3955,blue,true,left,50,69,right,orange,486,0
58,916632.3000000119,0,0,3955,blue,true,right,4,83,left,orange,494,0
59,919647.6999999881,1,40,3915,blue,false,left,40,8,right,orange,774,0
60,922947,0,0,3915,blue,true,right,47,86,left,orange,500,0
61,925965.8999999762,0,0,3915,blue,true,left,15,49,right,orange,715,0
62,929202.8000000119,0,0,3915,blue,true,left,17,39,right,orange,718,0
63,932442.6999999881,1,76,3839,blue,false,right,76,97,left,orange,778,0
64,935751.1999999881,0,0,3839,blue,true,right,73,14,left,orange,528,0
65,938797.1000000238,0,0,3839,blue,true,left,67,29,right,orange,505,0
66,941822.1000000238,0,0,3839,blue,true,left,48,39,right,orange,1408,0
67,945754.1999999881,0,0,3839,blue,true,left,30,99,right,orange,573,0
68,948850.8999999762,0,0,3839,blue,false,left,13,20,left,blue,1052,0
69,952431.8000000119,0,0,3839,blue,true,right,66,59,left,orange,1479,0
70,956432.8000000119,0,0,3839,blue,true,right,20,60,left,orange,512,0
71,959465.3000000119,0,0,3839,blue,true,left,41,25,right,orange,995,0
72,962983.3000000119,1,76,3763,blue,false,left,76,70,right,orange,692,0
73,966203.1000000238,1,73,3690,blue,false,left,73,18,right,orange,578,0
74,969306.1000000238,0,0,3690,blue,false,left,41,80,left,blue,496,0
75,972321.3999999762,1,76,3614,blue,true,right,25,76,right,blue,600,0
76,975452.1999999881,1,34,3580,blue,false,left,34,52,right,orange,469,0
77,978452.6000000238,0,0,3580,blue,false,right,30,60,right,blue,554,0
78,981527.5,0,0,3580,blue,false,left,91,36,left,blue,502,0
79,984553.3000000119,0,0,3580,blue,false,right,70,59,right,blue,487,0
80,987564.6000000238,1,47,3533,blue,true,left,64,47,left,blue,466,0
81,990563.5,1,28,3505,blue,false,right,28,44,left,orange,389,0
82,993479.1999999881,0,0,3505,blue,false,left,2,80,left,blue,673,0
83,996675.3000000119,0,0,3505,blue,false,left,20,39,left,blue,432,0
84,999630,0,0,3505,blue,false,left,32,61,left,blue,481,0
85,1002635.8000000119,0,0,3505,blue,false,left,90,61,left,blue,629,0
86,1005787.3999999762,1,70,3435,blue,true,left,62,70,left,blue,503,0
87,1008815.8999999762,1,17,3418,blue,false,left,17,33,right,orange,83,0
88,1011428.6000000238,1,74,3344,blue,false,right,74,17,left,orange,323,0
89,1014274.1000000238,0,0,3344,blue,false,left,2,85,left,blue,458,0
90,1017247.1000000238,0,0,3344,blue,false,right,39,76,right,blue,477,0
91,1020248.3000000119,0,0,3344,blue,false,left,70,20,left,blue,474,0
92,1023246.3000000119,1,69,3275,blue,true,left,24,69,left,blue,518,0
93,1026294.5,1,52,3223,blue,true,left,59,52,left,blue,605,0
94,1033431.1999999881,1,15,3208,blue,false,left,15,43,right,orange,1318,0
95,1037278.5,1,34,3174,blue,true,left,50,34,left,blue,613,0
96,1040417.6999999881,0,0,3174,blue,false,left,43,48,left,blue,553,0
97,1043496.5,1,35,3139,blue,true,left,14,35,left,blue,684,0
98,1046700.8999999762,1,42,3097,blue,true,right,12,42,right,blue,493,0
99,1049718.699999988,0,0,3097,blue,true,right,40,44,left,orange,562,0
100,1052804.6000000238,0,0,3097,blue,true,right,88,50,left,orange,516,0
101,1055843.1000000238,0,0,3097,blue,true,right,51,19,left,orange,415,0
102,1058782,0,0,3097,blue,true,left,44,59,right,orange,707,0
103,1062013.5,0,0,3097,blue,true,right,23,9,left,orange,520,0
104,1065055.6000000238,0,0,3097,blue,true,right,23,76,left,orange,525,0
105,1068101.6000000238,0,0,3097,blue,true,left,94,47,right,orange,656,0
106,1071278.5,1,67,3030,blue,false,right,67,56,left,orange,450,0
107,1074261.1000000238,0,0,3030,blue,true,right,50,16,left,orange,434,0
108,1077218.3999999762,0,0,3030,blue,true,left,83,7,right,orange,741,0
109,1080480,0,0,3030,blue,true,right,86,41,left,orange,487,0
110,1083494.699999988,1,37,2993,blue,true,left,61,37,left,blue,840,0
111,1086864,1,82,2911,blue,false,left,82,57,right,orange,395,0
112,1089787.8999999762,1,68,2843,blue,false,left,68,28,right,orange,420,0
113,1092738.800000012,1,65,2778,blue,false,right,65,76,left,orange,530,0
114,1095797.300000012,0,0,2778,blue,false,left,25,19,left,blue,466,0
115,1098789,1,67,2711,blue,false,right,67,68,left,orange,461,0
116,1101779.3999999762,0,0,2711,blue,false,right,82,68,right,blue,476,0
117,1104775.6000000238,0,0,2711,blue,false,right,88,19,right,blue,567,0
118,1107862.800000012,1,11,2700,blue,true,right,55,11,right,blue,445,0
119,1110835.1000000238,1,36,2664,blue,true,right,74,36,right,blue,846,0
120,1114209.6000000238,0,0,2664,blue,false,left,18,64,left,blue,376,0
121,1117110.6000000238,0,0,2664,blue,false,right,15,3,right,blue,601,0
122,1120233.3999999762,0,0,2664,blue,false,right,91,76,right,blue,777,0
123,1123533,0,0,2664,blue,false,left,66,92,left,blue,545,0
124,1126599,0,0,2664,blue,false,right,67,14,right,blue,502,0
125,1129622,1,77,2587,blue,true,left,11,77,left,blue,686,0
126,1132837.699999988,0,0,2587,blue,false,left,36,20,left,blue,752,0
127,1136110.8999999762,0,0,2587,blue,false,right,44,61,right,blue,584,0
128,1139221.8999999762,0,0,2587,blue,false,left,4,34,left,blue,527,0
129,1142270.5,0,0,2587,blue,false,right,86,63,right,blue,563,0
130,1145356.199999988,1,99,2488,blue,false,right,99,43,left,orange,626,0
131,1148510.8999999762,1,56,2432,blue,true,right,95,56,right,blue,305,0
132,1151344.1000000238,0,0,2432,blue,false,right,89,63,right,blue,279,0
133,1154145.800000012,0,0,2432,blue,true,left,88,80,right,orange,447,0
134,1157111.199999988,1,5,2427,blue,false,right,5,10,left,orange,461,0
135,1160101.800000012,1,80,2347,blue,true,left,35,80,left,blue,463,0
136,1163091.5,1,57,2290,blue,true,right,8,57,right,blue,460,0
137,1166076.3999999762,0,0,2290,blue,true,right,78,47,left,orange,380,0
138,1168977.199999988,0,0,2290,blue,true,left,5,99,right,orange,503,0
139,1172000,0,0,2290,blue,true,left,62,67,right,orange,477,0
140,1175004.1000000238,1,95,2195,blue,false,left,95,27,right,orange,492,0
