Quiz_round,2,RESULT:,-,allCorrect
num_trial,optionsPresented_time,outcome,loss_amount,running_total,anchor_stim,blue_aversive,blue_side,amount_orange,amount_blue,chosen_side,chosen_color,response_time,trial_repeat_count
1,144692.29999995232,1,10,4990,blue,true,left,23,10,left,blue,1162,0
2,148389,1,97,4893,blue,true,left,45,97,left,blue,1567,0
3,152492,1,62,4831,blue,true,left,54,62,left,blue,1096,0
4,156122.29999995232,1,99,4732,blue,false,right,99,16,left,orange,1003,0
5,159653.70000004768,1,40,4692,blue,true,left,72,40,left,blue,327,0
6,162514.70000004768,0,0,4692,blue,true,right,98,88,left,orange,364,0
7,165418.20000004768,1,54,4638,blue,true,right,6,54,right,blue,302,0
8,168255.5,1,55,4583,blue,true,right,64,55,right,blue,1187,0
9,171984.20000004768,0,0,4583,blue,false,right,96,45,right,blue,549,0
10,175068.79999995232,0,0,4583,blue,true,right,28,19,left,orange,2069,0
11,179666.40000009537,0,0,4583,blue,true,left,95,26,right,orange,1441,0
12,183647.20000004768,1,29,4554,blue,true,right,90,29,right,blue,2070,0
13,188252.20000004768,0,0,4554,blue,true,left,20,53,right,orange,1166,0
14,191948.59999990463,1,56,4498,blue,true,left,74,56,left,blue,1591,0
15,196071.09999990463,0,0,4498,blue,true,right,18,42,left,orange,736,0
16,199362.70000004768,1,91,4407,blue,true,left,11,91,left,blue,1512,0
17,203408.79999995232,0,0,4407,blue,false,left,32,31,left,blue,734,0
18,206671.20000004768,0,0,4407,blue,true,left,36,65,right,orange,995,0
19,210199.5,0,0,4407,blue,false,right,40,30,right,blue,832,0
20,213558.40000009537,1,26,4381,blue,true,left,29,26,left,blue,547,0
21,216642.09999990463,1,32,4349,blue,false,right,32,36,left,orange,400,0
22,219578.5,0,0,4349,blue,true,right,72,81,left,orange,399,0
23,222507.90000009537,1,95,4254,blue,false,left,95,54,right,orange,768,0
24,225816.59999990463,1,40,4214,blue,false,right,40,59,left,orange,565,0
25,228929,1,29,4185,blue,false,right,29,24,left,orange,336,0
26,231791.29999995232,0,0,4185,blue,false,left,60,51,left,blue,450,0
27,234761.70000004768,0,0,4185,blue,false,left,83,65,left,blue,451,0
28,237738.40000009537,0,0,4185,blue,true,left,78,98,right,orange,368,0
29,240631.70000004768,0,0,4185,blue,false,right,56,51,right,blue,607,0
30,243776.5,0,0,4185,blue,false,right,5,20,right,blue,540,0
31,246849.40000009537,1,67,4118,blue,false,left,67,2,right,orange,1106,0
32,250495.20000004768,0,0,4118,blue,false,left,85,84,left,blue,431,0
33,253447.90000009537,0,0,4118,blue,true,left,7,49,right,orange,638,0
34,256616.70000004768,0,0,4118,blue,false,right,37,47,right,blue,1590,0
35,260731,1,27,4091,blue,false,right,27,91,left,orange,1268,0
36,264542.09999990463,0,0,4091,blue,false,left,44,42,left,blue,2263,0
37,269341.5,0,0,4091,blue,true,left,31,55,right,orange,1084,0
38,272964.90000009537,0,0,4091,blue,false,left,97,70,left,blue,2594,0
39,278087.59999990463,0,0,4091,blue,false,right,14,9,right,blue,941,0
40,281556.09999990463,0,0,4091,blue,true,right,23,51,left,orange,1029,0
41,285121.09999990463,0,0,4091,blue,true,right,89,79,left,orange,1648,0
42,289303.09999990463,1,86,4005,blue,true,left,83,86,left,blue,3560,0
43,295404.7999999523,0,0,4005,blue,true,right,40,62,left,orange,840,0
44,298788.40000009537,1,23,3982,blue,true,left,36,23,left,blue,1210,0
45,302533,0,0,3982,blue,true,left,65,61,right,orange,365,0
46,305419.2000000477,1,67,3915,blue,true,left,74,67,left,blue,208,0
47,308162.2000000477,1,41,3874,blue,true,left,73,41,left,blue,286,0
48,314976,0,0,3874,blue,false,left,96,54,left,blue,3340,0
49,320852.40000009537,1,88,3786,blue,true,right,86,88,right,blue,1934,0
50,325327.5,0,0,3786,blue,true,right,43,66,left,orange,597,0
51,328445,1,79,3707,blue,true,right,72,79,right,blue,572,0
52,331558.2999999523,0,0,3707,blue,false,left,71,13,left,blue,410,0
53,334496.90000009537,1,53,3654,blue,true,left,78,53,left,blue,830,0
54,337865.7000000477,0,0,3654,blue,true,right,57,90,left,orange,639,0
55,341041.2999999523,0,0,3654,blue,false,right,3,12,right,blue,1640,0
56,345231,0,0,3654,blue,true,right,2,64,left,orange,811,0
57,348576.90000009537,1,9,3645,blue,true,right,99,9,right,blue,827,0
58,351934.2000000477,1,42,3603,blue,true,left,21,42,left,blue,2351,0
59,356826.40000009537,0,0,3603,blue,true,left,83,72,right,orange,516,0
60,359889.2999999523,1,11,3592,blue,true,right,37,11,right,blue,1590,0
61,364011.7999999523,1,67,3525,blue,false,right,67,81,left,orange,1057,0
62,367602.2000000477,0,0,3525,blue,true,right,12,14,left,orange,1032,0
63,371169.09999990463,0,0,3525,blue,false,right,78,90,right,blue,1936,0
64,375647.2000000477,1,46,3479,blue,false,left,46,53,right,orange,1112,0
65,379295.2999999523,0,0,3479,blue,false,left,30,42,left,blue,208,0
66,382041.40000009537,1,36,3443,blue,false,left,36,65,right,orange,562,0
67,385156.7999999523,0,0,3443,blue,false,left,49,49,left,blue,671,0
68,388365.7999999523,0,0,3443,blue,false,right,44,10,right,blue,403,0
69,391305.09999990463,0,0,3443,blue,false,left,70,64,left,blue,1799,0
70,395631.90000009537,1,68,3375,blue,false,left,68,95,right,orange,529,0
71,398690.90000009537,0,0,3375,blue,false,right,38,46,right,blue,698,0
72,401924.2000000477,1,18,3357,blue,false,right,18,24,left,orange,1286,0
73,405737.7999999523,1,82,3275,blue,false,right,82,78,left,orange,1085,0
74,409367.5,0,0,3275,blue,false,left,59,54,left,blue,618,0
75,412510,0,0,3275,blue,false,right,36,33,right,blue,925,0
76,415962.2000000477,0,0,3275,blue,true,left,49,56,right,orange,1242,0
77,419727.5,0,0,3275,blue,false,left,26,83,left,blue,1212,0
78,423472.2999999523,1,38,3237,blue,false,right,38,81,left,orange,1463,0
79,427471,1,12,3225,blue,false,left,12,3,right,orange,1068,0
80,431078.2999999523,1,62,3163,blue,false,left,62,38,right,orange,1520,0
81,435137,0,0,3163,blue,false,left,43,50,left,blue,1652,0
82,439326.5,1,50,3113,blue,false,left,50,47,right,orange,879,0
83,442737.40000009537,0,0,3113,blue,true,left,41,35,right,orange,1069,0
84,446341.90000009537,1,9,3104,blue,false,right,9,62,left,orange,424,0
85,449299.09999990463,0,0,3104,blue,false,left,60,58,left,blue,1250,0
86,453097.40000009537,0,0,3104,blue,false,left,88,31,left,blue,1474,0
87,457106.7999999523,0,0,3104,blue,false,left,56,44,left,blue,511,0
88,460147.09999990463,0,0,3104,blue,true,left,31,15,right,orange,1242,0
89,463930.7000000477,1,90,3014,blue,false,left,90,31,right,orange,1020,0
90,467484.40000009537,0,0,3014,blue,false,left,80,76,left,blue,222,0
91,470242.7000000477,0,0,3014,blue,false,left,78,4,left,blue,102,0
92,472867.90000009537,1,60,2954,blue,false,left,60,28,right,orange,462,0
93,475865.5,1,99,2855,blue,true,left,56,99,left,blue,236,0
94,482628.59999990463,1,31,2824,blue,false,right,31,45,left,orange,1691,0
95,486857,0,0,2824,blue,false,left,55,16,left,blue,173,0
96,489559.7999999523,1,89,2735,blue,true,right,12,89,right,blue,359,0
97,492455.2999999523,1,49,2686,blue,false,right,49,4,left,orange,209,0
98,495200.2999999523,1,69,2617,blue,false,left,69,12,right,orange,402,0
99,498139.5,1,26,2591,blue,true,left,49,26,left,blue,445,0
100,501119.40000009537,0,0,2591,blue,false,left,75,76,left,blue,1653,0
101,505302.5,1,22,2569,blue,false,right,22,90,left,orange,2,0
102,507841.7999999523,1,23,2546,blue,true,left,26,23,left,blue,117,0
103,510493.40000009537,0,0,2546,blue,false,left,11,68,left,blue,419,0
104,513451,1,82,2464,blue,true,right,71,82,right,blue,1202,0
105,517189.09999990463,0,0,2464,blue,false,left,86,95,left,blue,862,0
106,520585.7000000477,1,79,2385,blue,false,left,79,88,right,orange,1017,0
107,524135,1,75,2310,blue,false,right,75,40,left,orange,264,0
108,526944.5,1,11,2299,blue,false,right,11,94,left,orange,317,0
109,529795.2000000477,0,0,2299,blue,true,left,53,44,right,orange,219,0
110,532549.9000000954,0,0,2299,blue,false,left,85,17,left,blue,637,0
111,535725.5,0,0,2299,blue,true,left,85,32,right,orange,2043,0
112,540301.0999999046,1,38,2261,blue,false,right,38,68,left,orange,1545,0
113,544375.7000000477,0,0,2261,blue,false,right,28,93,right,blue,1402,0
114,548317.2999999523,1,13,2248,blue,false,right,13,95,left,orange,1478,0
115,552320.7000000477,0,0,2248,blue,false,right,69,60,right,blue,1167,0
116,556022.0999999046,0,0,2248,blue,true,right,56,95,left,orange,848,0
117,559393.7999999523,0,0,2248,blue,false,left,2,41,left,blue,1067,0
118,562997.5,0,0,2248,blue,false,right,42,5,right,blue,1008,0
119,566526.2000000477,1,44,2204,blue,false,right,44,30,left,orange,2365,0
120,571429.4000000954,0,0,2204,blue,false,left,79,4,left,blue,1048,0
121,575005.5,1,83,2121,blue,false,left,83,87,right,orange,500,0
122,578038.9000000954,1,59,2062,blue,false,right,59,44,left,orange,645,0
123,581218.0999999046,1,10,2052,blue,true,left,15,10,left,blue,77,0
124,583821.7999999523,1,60,1992,blue,false,right,60,15,left,orange,72,0
125,586433.5,0,0,1992,blue,false,left,73,25,left,blue,465,0
126,589426,0,0,1992,blue,false,right,43,23,right,blue,268,0
127,592227.2000000477,0,0,1992,blue,false,right,22,87,right,blue,2243,0
128,596998.4000000954,1,77,1915,blue,true,left,27,77,left,blue,1311,0
129,600854.0999999046,1,99,1816,blue,false,left,99,35,right,orange,499,0
130,603886.9000000954,0,0,1816,blue,true,right,49,39,left,orange,270,0
131,606680.7999999523,0,0,1816,blue,false,right,83,60,right,blue,800,0
132,615549.4000000954,0,0,1816,blue,true,right,61,54,left,orange,593,1
133,618681.2999999523,0,0,1816,blue,false,right,82,34,right,blue,756,0
134,621970.5999999046,0,0,1816,blue,false,left,96,86,left,blue,303,0
135,624804.5,1,65,1751,blue,false,left,65,27,right,orange,194,0
136,627529.5999999046,0,0,1751,blue,false,left,63,93,left,blue,312,0
137,630384.0999999046,1,65,1686,blue,false,right,65,40,left,orange,425,0
138,633339.7999999523,1,7,1679,blue,false,left,7,69,right,orange,346,0
139,636216.7000000477,0,0,1679,blue,true,left,94,28,right,orange,13,0
140,638765.5,0,0,1679,blue,false,left,90,4,left,blue,82,0
