Quiz_round,2,RESULT:,SideGoodness,Incorrect
num_trial,optionsPresented_time,outcome,loss_amount,running_total,anchor_stim,blue_aversive,blue_side,amount_orange,amount_blue,chosen_side,chosen_color,response_time,trial_repeat_count
1,164872.7999999998,1,10,4990,blue,true,left,23,10,left,blue,3947,0
2,171402.5,0,0,4990,blue,true,right,45,97,left,orange,1309,0
3,175270.19999999972,0,0,4990,blue,true,left,54,62,right,orange,1329,0
4,179160,0,0,4990,blue,false,left,99,16,left,blue,699,0
5,182429.69999999972,1,40,4950,blue,true,right,72,40,right,blue,943,0
6,185950.2999999998,1,88,4862,blue,true,right,98,88,right,blue,1198,0
7,189722.19999999972,0,0,4862,blue,true,left,6,54,right,orange,924,0
8,193215.7999999998,0,0,4862,blue,true,left,64,55,right,orange,1524,0
9,197300.09999999963,0,0,4862,blue,false,left,96,45,left,blue,1159,0
10,201014,1,19,4843,blue,true,left,28,19,left,blue,770,0
11,204368.8999999999,1,26,4817,blue,true,right,95,26,right,blue,689,0
12,207619.3999999999,0,0,4817,blue,true,left,90,29,right,orange,919,0
13,211093,0,0,4817,blue,true,left,20,53,right,orange,740,0
14,214389,0,0,4817,blue,true,right,74,56,left,orange,1035,0
15,217981,0,0,4817,blue,true,right,18,42,left,orange,783,0
16,221319.5,0,0,4817,blue,true,right,11,91,left,orange,547,0
17,224427.5,1,32,4785,blue,false,right,32,31,left,orange,2333,0
18,229337.2999999998,0,0,4785,blue,true,left,36,65,right,orange,712,0
19,232616.69999999972,0,0,4785,blue,false,left,40,30,left,blue,1178,0
20,236348.7999999998,0,0,4785,blue,true,left,29,26,right,orange,962,0
21,239866.09999999963,1,32,4753,blue,false,right,32,36,left,orange,828,0
22,243277.7999999998,0,0,4753,blue,true,left,72,81,right,orange,1420,0
23,247259.3999999999,0,0,4753,blue,false,left,95,54,left,blue,1108,0
24,250914.3999999999,1,40,4713,blue,false,left,40,59,right,orange,827,0
25,254303.5,0,0,4713,blue,false,left,29,24,left,blue,759,0
26,257616.69999999972,0,0,4713,blue,false,right,60,51,right,blue,1431,0
27,261602.5,0,0,4713,blue,false,right,83,65,right,blue,706,0
28,264862.7999999998,0,0,4713,blue,true,left,78,98,right,orange,882,0
29,268301.8999999999,0,0,4713,blue,false,left,56,51,left,blue,1222,0
30,272076.8999999999,1,5,4708,blue,false,right,5,20,left,orange,965,0
31,275616.2999999998,0,0,4708,blue,false,right,67,2,right,blue,566,0
32,278740.2999999998,0,0,4708,blue,false,left,85,84,left,blue,1095,0
33,282387.5,0,0,4708,blue,true,left,7,49,right,orange,2354,0
34,287300.2999999998,1,37,4671,blue,false,right,37,47,left,orange,1415,0
35,291281.3999999999,1,27,4644,blue,false,right,27,91,left,orange,1267,0
36,295122.7999999998,0,0,4644,blue,false,right,44,42,right,blue,858,0
37,298532.0999999996,0,0,4644,blue,true,right,31,55,left,orange,735,0
38,301829.6999999997,0,0,4644,blue,false,left,97,70,left,blue,841,0
39,305232.6999999997,0,0,4644,blue,false,right,14,9,right,blue,853,0
40,308658,0,0,4644,blue,true,right,23,51,left,orange,1167,0
41,312379.5,1,79,4565,blue,true,left,89,79,left,blue,842,0
42,315800.5999999996,1,86,4479,blue,true,left,83,86,left,blue,1251,0
43,319618.6999999997,0,0,4479,blue,true,right,40,62,left,orange,705,0
44,322879.5,1,23,4456,blue,true,left,36,23,left,blue,675,0
45,326129.1999999997,1,61,4395,blue,true,left,65,61,left,blue,624,0
46,329323.0999999996,1,67,4328,blue,true,left,74,67,left,blue,681,0
47,332581.7999999998,0,0,4328,blue,true,right,73,41,left,orange,534,0
48,339716.5999999996,1,96,4232,blue,false,right,96,54,left,orange,945,0
49,343231.7999999998,1,88,4144,blue,true,left,86,88,left,blue,544,0
50,346346.8999999999,0,0,4144,blue,true,right,43,66,left,orange,557,0
51,349464.8999999999,1,79,4065,blue,true,right,72,79,right,blue,1181,0
52,353222.6999999997,1,71,3994,blue,false,right,71,13,left,orange,546,0
53,356334.6999999997,1,53,3941,blue,true,left,78,53,left,blue,521,0
54,359419.3999999999,0,0,3941,blue,true,left,57,90,right,orange,897,0
55,362878.3999999999,1,3,3938,blue,false,left,3,12,right,orange,3057,0
56,368512.3999999999,0,0,3938,blue,true,left,2,64,right,orange,749,0
57,371815.5999999996,1,9,3929,blue,true,right,99,9,right,blue,704,0
58,375089.5999999996,1,42,3887,blue,true,right,21,42,right,blue,1329,0
59,379004.0999999996,0,0,3887,blue,true,right,83,72,left,orange,1443,0
60,383001.5999999996,1,11,3876,blue,true,left,37,11,left,blue,652,0
61,386230.2999999998,1,67,3809,blue,false,left,67,81,right,orange,970,0
62,389763.0999999996,1,14,3795,blue,true,left,12,14,left,blue,609,0
63,392937,0,0,3795,blue,false,right,78,90,right,blue,1212,0
64,396698.8999999999,0,0,3795,blue,false,right,46,53,right,blue,899,0
65,400155.8999999999,0,0,3795,blue,false,left,30,42,left,blue,557,0
66,403273.5999999996,0,0,3795,blue,false,left,36,65,left,blue,654,0
67,406476.5,0,0,3795,blue,false,left,49,49,left,blue,530,0
68,409559.7999999998,0,0,3795,blue,false,left,44,10,left,blue,495,0
69,412610,0,0,3795,blue,false,right,70,64,right,blue,690,0
70,415857.0999999996,0,0,3795,blue,false,left,68,95,left,blue,857,0
71,419263.6999999997,0,0,3795,blue,false,right,38,46,right,blue,646,0
72,422464.7999999998,0,0,3795,blue,false,left,18,24,left,blue,533,0
73,425548.8999999999,0,0,3795,blue,false,left,82,78,left,blue,675,0
74,428777.3999999999,0,0,3795,blue,false,right,59,54,right,blue,759,0
75,432092.5999999996,0,0,3795,blue,false,right,36,33,right,blue,465,0
76,435114.7999999998,1,56,3739,blue,true,left,49,56,left,blue,641,0
77,438324.6999999997,0,0,3739,blue,false,right,26,83,right,blue,608,0
78,441486.5999999996,0,0,3739,blue,false,right,38,81,right,blue,547,0
79,444591.7999999998,0,0,3739,blue,false,left,12,3,left,blue,396,0
80,447545.8999999999,0,0,3739,blue,false,right,62,38,right,blue,576,0
81,450686.0999999996,0,0,3739,blue,false,left,43,50,left,blue,551,0
82,453800.7999999998,0,0,3739,blue,false,left,50,47,left,blue,631,0
83,456986.1999999997,1,35,3704,blue,true,left,41,35,left,blue,1519,0
84,461080.5999999996,0,0,3704,blue,false,left,9,62,left,blue,487,0
85,464127.2999999998,0,0,3704,blue,false,left,60,58,left,blue,480,0
86,467166.7999999998,0,0,3704,blue,false,right,88,31,right,blue,485,0
87,470208.6999999997,0,0,3704,blue,false,left,56,44,left,blue,417,0
88,473187.3999999999,1,15,3689,blue,true,right,31,15,right,blue,427,0
89,476189.2999999998,0,0,3689,blue,false,right,90,31,right,blue,454,0
90,479201.0999999996,0,0,3689,blue,false,left,80,76,left,blue,403,0
91,482165.6999999997,0,0,3689,blue,false,right,78,4,right,blue,368,0
92,485082.8999999999,0,0,3689,blue,false,left,60,28,left,blue,458,0
93,488099,1,99,3590,blue,true,right,56,99,right,blue,584,0
94,495264.7999999998,0,0,3590,blue,false,right,31,45,right,blue,705,0
95,498531.0999999996,0,0,3590,blue,false,right,55,16,right,blue,453,0
96,501538.6999999997,1,89,3501,blue,true,left,12,89,left,blue,405,0
97,504518,0,0,3501,blue,false,right,49,4,right,blue,497,0
98,507571.5999999996,0,0,3501,blue,false,right,69,12,right,blue,380,0
99,510513.0999999996,1,26,3475,blue,true,left,49,26,left,blue,445,0
100,513533.5999999996,0,0,3475,blue,false,left,75,76,left,blue,1917,0
101,518016,1,22,3453,blue,false,left,22,90,right,orange,836,0
102,521428.6999999997,1,23,3430,blue,true,left,26,23,left,blue,1082,0
103,525080.2999999998,1,11,3419,blue,false,right,11,68,left,orange,762,0
104,528409.7999999998,1,82,3337,blue,true,right,71,82,right,blue,1326,0
105,532309,1,86,3251,blue,false,left,86,95,right,orange,749,0
106,535622.6999999997,1,79,3172,blue,false,right,79,88,left,orange,746,0
107,538931.8999999999,0,0,3172,blue,false,right,75,40,right,blue,1256,0
108,542743.8999999999,1,11,3161,blue,false,left,11,94,right,orange,2039,0
109,547348.3999999999,1,44,3117,blue,true,right,53,44,right,blue,671,0
110,550600.7999999998,0,0,3117,blue,false,left,85,17,left,blue,686,0
111,553841.0999999996,1,32,3085,blue,true,left,85,32,left,blue,626,0
112,557045.7999999998,1,38,3047,blue,false,left,38,68,right,orange,1245,0
113,560855.0999999996,1,28,3019,blue,false,left,28,93,right,orange,789,0
114,564213.3999999999,1,13,3006,blue,false,left,13,95,right,orange,702,0
115,567487,0,0,3006,blue,false,right,69,60,right,blue,467,0
116,570505.7999999998,1,95,2911,blue,true,right,56,95,right,blue,1637,0
117,574713.3999999999,1,2,2909,blue,false,left,2,41,right,orange,787,0
118,578066,0,0,2909,blue,false,right,42,5,right,blue,510,0
119,581129,0,0,2909,blue,false,left,44,30,left,blue,653,0
120,584337.6999999997,0,0,2909,blue,false,left,79,4,left,blue,1419,0
121,588311.6999999997,1,83,2826,blue,false,left,83,87,right,orange,1035,0
122,591919.0999999996,0,0,2826,blue,false,left,59,44,left,blue,647,0
123,595126.7999999998,1,10,2816,blue,true,right,15,10,right,blue,2538,0
124,600233.1999999997,0,0,2816,blue,false,right,60,15,right,blue,598,0
125,603384.0999999996,0,0,2816,blue,false,left,73,25,left,blue,560,0
126,606498.7999999998,0,0,2816,blue,false,left,43,23,left,blue,624,0
127,609675.2999999998,1,22,2794,blue,false,left,22,87,right,orange,757,0
128,613001.6999999997,0,0,2794,blue,true,left,27,77,right,orange,604,0
129,616171.7999999998,0,0,2794,blue,false,right,99,35,right,blue,613,0
130,619341.6999999997,1,39,2755,blue,true,left,49,39,left,blue,417,0
131,622326.7999999998,0,0,2755,blue,false,right,83,60,right,blue,426,0
132,625304.5999999996,1,54,2701,blue,true,right,61,54,right,blue,386,0
133,628254.6999999997,0,0,2701,blue,false,left,82,34,left,blue,622,0
134,631439.5999999996,0,0,2701,blue,false,left,96,86,left,blue,416,0
135,634412.1999999997,0,0,2701,blue,false,left,65,27,left,blue,817,0
136,637788.7999999998,1,63,2638,blue,false,right,63,93,left,orange,1293,0
137,641660.7999999998,0,0,2638,blue,false,right,65,40,right,blue,562,0
138,644784.5999999996,1,7,2631,blue,false,right,7,69,left,orange,810,0
139,648157.0999999996,1,28,2603,blue,true,right,94,28,right,blue,793,0
140,651518,0,0,2603,blue,false,left,90,4,left,blue,642,0
