Quiz_round,2,RESULT:,-,allCorrect
num_trial,optionsPresented_time,outcome,loss_amount,running_total,anchor_stim,blue_aversive,blue_side,amount_orange,amount_blue,chosen_side,chosen_color,response_time,trial_repeat_count
1,188245.5,1,10,4990,blue,true,right,23,10,right,blue,1869,0
2,192690.1000000001,0,0,4990,blue,true,left,45,97,right,orange,1275,0
3,196498,0,0,4990,blue,true,left,54,62,right,orange,1735,0
4,200774.69999999995,0,0,4990,blue,false,left,99,16,left,blue,2004,0
5,205329.30000000005,0,0,4990,blue,true,right,72,40,left,orange,2027,0
6,209907.90000000014,0,0,4990,blue,true,right,98,88,left,orange,1290,0
7,213764.69999999995,0,0,4990,blue,true,left,6,54,right,orange,1347,0
8,217653.6000000001,1,55,4935,blue,true,left,64,55,left,blue,1032,0
9,226782.5,1,96,4839,blue,false,right,96,45,left,orange,987,1
10,230338.1000000001,0,0,4839,blue,true,right,28,19,left,orange,1190,0
11,234073.19999999995,1,26,4813,blue,true,right,95,26,right,blue,755,0
12,237369,1,29,4784,blue,true,right,90,29,right,blue,1915,0
13,241842.5,0,0,4784,blue,true,left,20,53,right,orange,1117,0
14,245494.69999999995,0,0,4784,blue,true,left,74,56,right,orange,1503,0
15,249556.5,0,0,4784,blue,true,left,18,42,right,orange,1192,0
16,253307.69999999995,0,0,4784,blue,true,left,11,91,right,orange,870,0
17,256724.40000000014,1,32,4752,blue,false,left,32,31,right,orange,1017,0
18,260287.90000000014,0,0,4752,blue,true,right,36,65,left,orange,1217,0
19,264059,1,40,4712,blue,false,right,40,30,left,orange,1155,0
20,267764.80000000005,0,0,4712,blue,true,left,29,26,right,orange,956,0
21,271263.1000000001,1,32,4680,blue,false,left,32,36,right,orange,1120,0
22,274952.1000000001,1,81,4599,blue,true,right,72,81,right,blue,1026,0
23,278528.19999999995,0,0,4599,blue,false,right,95,54,right,blue,1717,0
24,282785.5,1,40,4559,blue,false,right,40,59,left,orange,1172,0
25,286521.5,0,0,4559,blue,false,left,29,24,left,blue,832,0
26,289898.5,0,0,4559,blue,false,right,60,51,right,blue,849,0
27,293294,0,0,4559,blue,false,left,83,65,left,blue,974,0
28,296808.5,1,98,4461,blue,true,right,78,98,right,blue,1673,0
29,301024.19999999995,1,56,4405,blue,false,left,56,51,right,orange,1983,0
30,305566,1,5,4400,blue,false,left,5,20,right,orange,1458,0
31,309579.40000000014,0,0,4400,blue,false,left,67,2,left,blue,930,0
32,313047.19999999995,0,0,4400,blue,false,right,85,84,right,blue,2127,0
33,317730.80000000005,1,49,4351,blue,true,left,7,49,left,blue,1927,0
34,322212,0,0,4351,blue,false,left,37,47,left,blue,2103,0
35,326869,1,27,4324,blue,false,right,27,91,left,orange,995,0
36,330437.5,0,0,4324,blue,false,left,44,42,left,blue,1481,0
37,334463.80000000005,1,55,4269,blue,true,left,31,55,left,blue,1658,0
38,338685,0,0,4269,blue,false,left,97,70,left,blue,1318,0
39,342543.90000000014,0,0,4269,blue,false,left,14,9,left,blue,741,0
40,345826.90000000014,0,0,4269,blue,true,left,23,51,right,orange,1216,0
41,349581.5,0,0,4269,blue,true,right,89,79,left,orange,1261,0
42,353384.80000000005,1,86,4183,blue,true,left,83,86,left,blue,2056,0
43,357990.69999999995,0,0,4183,blue,true,left,40,62,right,orange,854,0
44,361386.1000000001,0,0,4183,blue,true,left,36,23,right,orange,1396,0
45,365336.6000000001,0,0,4183,blue,true,left,65,61,right,orange,1183,0
46,369062.90000000014,0,0,4183,blue,true,right,74,67,left,orange,987,0
47,372592.6000000001,0,0,4183,blue,true,left,73,41,right,orange,1545,0
48,380687.19999999995,1,96,4087,blue,false,left,96,54,right,orange,2239,0
49,385489.90000000014,1,88,3999,blue,true,left,86,88,left,blue,926,0
50,388984.6000000001,0,0,3999,blue,true,left,43,66,right,orange,739,0
51,392261.80000000005,0,0,3999,blue,true,right,72,79,left,orange,1583,0
52,396395.69999999995,0,0,3999,blue,false,right,71,13,right,blue,1513,0
53,400451.30000000005,0,0,3999,blue,true,right,78,53,left,orange,1844,0
54,404862.5,0,0,3999,blue,true,right,57,90,left,orange,1256,0
55,408651.6000000001,1,3,3996,blue,false,left,3,12,right,orange,1360,0
56,412566.90000000014,0,0,3996,blue,true,left,2,64,right,orange,1080,0
57,416198.5,1,9,3987,blue,true,left,99,9,left,blue,616,0
58,419386.1000000001,0,0,3987,blue,true,right,21,42,left,orange,1881,0
59,423831.19999999995,0,0,3987,blue,true,right,83,72,left,orange,1180,0
60,427561.5,1,11,3976,blue,true,right,37,11,right,blue,1162,0
61,431304.90000000014,1,67,3909,blue,false,right,67,81,left,orange,1161,0
62,435018.30000000005,0,0,3909,blue,true,left,12,14,right,orange,1936,0
63,439491.6000000001,1,78,3831,blue,false,right,78,90,left,orange,1280,0
64,443341.19999999995,1,46,3785,blue,false,left,46,53,right,orange,1793,0
65,447690.30000000005,0,0,3785,blue,false,left,30,42,left,blue,1003,0
66,451237.19999999995,0,0,3785,blue,false,right,36,65,right,blue,957,0
67,454734.90000000014,0,0,3785,blue,false,left,49,49,left,blue,855,0
68,458129.1000000001,0,0,3785,blue,false,right,44,10,right,blue,690,0
69,461344.6000000001,0,0,3785,blue,false,right,70,64,right,blue,771,0
70,464646.40000000014,0,0,3785,blue,false,right,68,95,right,blue,1055,0
71,468236.5,0,0,3785,blue,false,left,38,46,left,blue,656,0
72,471439.1000000001,0,0,3785,blue,false,left,18,24,left,blue,503,0
73,474475.80000000005,0,0,3785,blue,false,left,82,78,left,blue,413,0
74,477440.40000000014,0,0,3785,blue,false,left,59,54,left,blue,385,0
75,480372,0,0,3785,blue,false,right,36,33,right,blue,377,0
76,483307.69999999995,1,56,3729,blue,true,left,49,56,left,blue,358,0
77,486195.6000000001,1,26,3703,blue,false,right,26,83,left,orange,1256,0
78,489995.80000000005,1,38,3665,blue,false,left,38,81,right,orange,2290,0
79,494835.5,0,0,3665,blue,false,left,12,3,left,blue,818,0
80,498211.19999999995,0,0,3665,blue,false,right,62,38,right,blue,714,0
81,501462.1000000001,0,0,3665,blue,false,right,43,50,right,blue,710,0
82,504707.69999999995,0,0,3665,blue,false,right,50,47,right,blue,406,0
83,507649.30000000005,1,35,3630,blue,true,left,41,35,left,blue,1338,0
84,511551.6000000001,1,9,3621,blue,false,right,9,62,left,orange,1306,0
85,515411.90000000014,0,0,3621,blue,false,right,60,58,right,blue,1077,0
86,519027.69999999995,0,0,3621,blue,false,right,88,31,right,blue,791,0
87,522364.1000000001,0,0,3621,blue,false,right,56,44,right,blue,993,0
88,525915.8,1,15,3606,blue,true,left,31,15,left,blue,1016,0
89,529483.2,0,0,3606,blue,false,right,90,31,right,blue,611,0
90,532638.3,0,0,3606,blue,false,right,80,76,right,blue,798,0
91,535979.9000000001,0,0,3606,blue,false,left,78,4,left,blue,551,0
92,539096.4000000001,0,0,3606,blue,false,left,60,28,left,blue,635,0
93,542274.9000000001,1,99,3507,blue,true,right,56,99,right,blue,1187,0
94,550034.4000000001,0,0,3507,blue,false,right,31,45,right,blue,2354,0
95,554924.4000000001,0,0,3507,blue,false,left,55,16,left,blue,439,0
96,557914.7,1,89,3418,blue,true,right,12,89,right,blue,432,0
97,560905.2,0,0,3418,blue,false,left,49,4,left,blue,735,0
98,564178.9000000001,0,0,3418,blue,false,right,69,12,right,blue,802,0
99,567551.5,1,26,3392,blue,true,right,49,26,right,blue,717,0
100,570822.4000000001,0,0,3392,blue,false,right,75,76,right,blue,869,0
101,574240,0,0,3392,blue,false,left,22,90,left,blue,572,0
102,577360.5,1,23,3369,blue,true,left,26,23,left,blue,633,0
103,580563.6000000001,1,11,3358,blue,false,left,11,68,right,orange,1030,0
104,584145.5,1,82,3276,blue,true,right,71,82,right,blue,729,0
105,587423.6000000001,0,0,3276,blue,false,right,86,95,right,blue,3426,0
106,593414,0,0,3276,blue,false,right,79,88,right,blue,1083,0
107,597039.6000000001,0,0,3276,blue,false,left,75,40,left,blue,602,0
108,600192.2,1,11,3265,blue,false,left,11,94,right,orange,869,0
109,603612.3,1,44,3221,blue,true,right,53,44,right,blue,811,0
110,606985.8,0,0,3221,blue,false,right,85,17,right,blue,846,0
111,610374.5,1,32,3189,blue,true,right,85,32,right,blue,678,0
112,613601.7,1,38,3151,blue,false,left,38,68,right,orange,3595,0
113,619760.3,1,28,3123,blue,false,right,28,93,left,orange,944,0
114,623245,1,13,3110,blue,false,left,13,95,right,orange,1087,0
115,626891.1000000001,0,0,3110,blue,false,left,69,60,left,blue,1027,0
116,630454.4000000001,1,95,3015,blue,true,left,56,95,left,blue,1047,0
117,634065.7,1,2,3013,blue,false,left,2,41,right,orange,787,0
118,637399.4000000001,0,0,3013,blue,false,right,42,5,right,blue,633,0
119,640575.3,0,0,3013,blue,false,right,44,30,right,blue,590,0
120,643703.9000000001,0,0,3013,blue,false,left,79,4,left,blue,791,0
121,647029.3,0,0,3013,blue,false,left,83,87,left,blue,1013,0
122,650578.8,0,0,3013,blue,false,right,59,44,right,blue,605,0
123,653727.7,1,10,3003,blue,true,left,15,10,left,blue,459,0
124,656737.3,0,0,3003,blue,false,left,60,15,left,blue,745,0
125,660013.3,0,0,3003,blue,false,left,73,25,left,blue,690,0
126,663245.4000000001,0,0,3003,blue,false,left,43,23,left,blue,663,0
127,666459,0,0,3003,blue,false,left,22,87,left,blue,1581,0
128,670597.3,1,77,2926,blue,true,right,27,77,right,blue,1362,0
129,674510.5,0,0,2926,blue,false,right,99,35,right,blue,716,0
130,677771.8,1,39,2887,blue,true,left,49,39,left,blue,843,0
131,681175.1000000001,0,0,2887,blue,false,left,83,60,left,blue,711,0
132,684430.1000000001,1,54,2833,blue,true,left,61,54,left,blue,631,0
133,687615.8,0,0,2833,blue,false,right,82,34,right,blue,577,0
134,690754.5,0,0,2833,blue,false,right,96,86,right,blue,830,0
135,694141.2,0,0,2833,blue,false,left,65,27,left,blue,473,0
136,697147.2,0,0,2833,blue,false,left,63,93,left,blue,1031,0
137,700741.8,0,0,2833,blue,false,left,65,40,left,blue,444,0
138,703724.3,1,7,2826,blue,false,right,7,69,left,orange,978,0
139,707237.8,1,28,2798,blue,true,left,94,28,left,blue,735,0
140,710536.5,0,0,2798,blue,false,left,90,4,left,blue,477,0
