Quiz_round,2,RESULT:,-,allCorrect
num_trial,optionsPresented_time,outcome,loss_amount,running_total,anchor_stim,blue_aversive,blue_side,amount_orange,amount_blue,chosen_side,chosen_color,response_time,trial_repeat_count
44385,1,156281.99500002665,1,10,4990,blue,true,right,23,10,right,blue,2149,0
44385,2,160958.6100000306,0,0,4990,blue,true,left,45,97,right,orange,1087,0
44385,3,164569.57500003045,0,0,4990,blue,true,left,54,62,right,orange,773,0
44385,4,167870.26500003412,0,0,4990,blue,false,right,99,16,right,blue,1876,0
44385,5,172267.29000004707,0,0,4990,blue,true,left,72,40,right,orange,1879,0
44385,6,176664.1800000216,0,0,4990,blue,true,left,98,88,right,orange,1204,0
44385,7,180386.6600000183,0,0,4990,blue,true,right,6,54,left,orange,1160,0
44385,8,184064.97000000672,0,0,4990,blue,true,right,64,55,left,orange,1367,0
44385,9,187949.49500000803,1,96,4894,blue,false,left,96,45,right,orange,651,0
44385,10,191124.40999998944,0,0,4894,blue,true,right,28,19,left,orange,1082,0
44385,11,194722.5600000238,0,0,4894,blue,true,left,95,26,right,orange,1013,0
44385,12,198259.88500000676,0,0,4894,blue,true,right,90,29,left,orange,2362,0
44385,13,203140.0550000253,0,0,4894,blue,true,right,20,53,left,orange,745,0
44385,14,206404.54000001773,0,0,4894,blue,true,right,74,56,left,orange,1131,0
44385,15,210058.04999999236,0,0,4894,blue,true,right,18,42,left,orange,963,0
44385,16,213537.3649999965,0,0,4894,blue,true,right,11,91,left,orange,1308,0
44385,17,217361.1249999958,1,32,4862,blue,false,right,32,31,left,orange,1186,0
44385,18,221069.94000001578,0,0,4862,blue,true,right,36,65,left,orange,1241,0
44385,19,224826.47500000894,1,40,4822,blue,false,right,40,30,left,orange,877,0
44385,20,228232.19000000972,0,0,4822,blue,true,left,29,26,right,orange,979,0
44385,21,231732.13499999838,1,32,4790,blue,false,right,32,36,left,orange,1023,0
44385,22,235286.65000002366,1,81,4709,blue,true,left,72,81,left,blue,1493,0
44385,23,239297.66999999993,0,0,4709,blue,false,left,95,54,left,blue,641,0
44385,24,242456.42500004033,0,0,4709,blue,false,right,40,59,right,blue,1127,0
44385,25,246100.44000000926,0,0,4709,blue,false,left,29,24,left,blue,666,0
44385,26,249287.8700000001,0,0,4709,blue,false,right,60,51,right,blue,718,0
44385,27,252525.71499999613,0,0,4709,blue,false,left,83,65,left,blue,842,0
44385,28,255887.5049999915,1,98,4611,blue,true,left,78,98,left,blue,983,0
44385,29,259398.95000000251,0,0,4611,blue,false,right,56,51,right,blue,821,0
44385,30,262741.77500000224,0,0,4611,blue,false,left,5,20,left,blue,813,0
44385,31,266082.15999999084,0,0,4611,blue,false,left,67,2,left,blue,713,0
44385,32,269319.9400000158,0,0,4611,blue,false,right,85,84,right,blue,963,0
44385,33,272808.3800000022,0,0,4611,blue,true,left,7,49,right,orange,1061,0
44385,34,276387.8600000171,0,0,4611,blue,false,right,37,47,right,blue,894,0
44385,35,279805.53000001237,1,27,4584,blue,false,left,27,91,right,orange,1151,0
44385,36,283484.17000001064,0,0,4584,blue,false,right,44,42,right,blue,973,0
44385,37,286982.2250000434,1,55,4529,blue,true,right,31,55,right,blue,1121,0
44385,38,290631.04500004556,0,0,4529,blue,false,left,97,70,left,blue,1303,0
44385,39,294455.31500002835,0,0,4529,blue,false,left,14,9,left,blue,865,0
44385,40,297841.28500003135,1,51,4478,blue,true,left,23,51,left,blue,1144,0
44385,41,301518.4050000389,1,79,4399,blue,true,right,89,79,right,blue,2258,0
44385,42,306302.7299999958,0,0,4399,blue,true,left,83,86,right,orange,673,0
44385,43,309498.20999999065,0,0,4399,blue,true,right,40,62,left,orange,654,0
44385,44,312677.9899999965,0,0,4399,blue,true,right,36,23,left,orange,714,0
44385,45,315914.3150000018,0,0,4399,blue,true,right,65,61,left,orange,950,0
44385,46,319384.76500002434,0,0,4399,blue,true,right,74,67,left,orange,757,0
44385,47,322665.8349999925,0,0,4399,blue,true,left,73,41,right,orange,1166,0
44385,48,330363.1550000282,1,96,4303,blue,false,left,96,54,right,orange,2813,0
44385,49,335702.5550000253,0,0,4303,blue,true,left,86,88,right,orange,2042,0
44385,50,340265.6399999978,0,0,4303,blue,true,right,43,66,left,orange,911,0
44385,51,343697.6750000031,0,0,4303,blue,true,left,72,79,right,orange,1197,0
44385,52,347421.6950000264,0,0,4303,blue,false,right,71,13,right,blue,1198,0
44385,53,351144.98000004096,0,0,4303,blue,true,left,78,53,right,orange,1294,0
44385,54,354958.6450000061,0,0,4303,blue,true,left,57,90,right,orange,1133,0
44385,55,358613.5850000428,1,3,4300,blue,false,left,3,12,right,orange,741,0
44385,56,361880.2400000277,0,0,4300,blue,true,left,2,64,right,orange,747,0
44385,57,365149.150000012,1,9,4291,blue,true,left,99,9,left,blue,1449,0
44385,58,369121.42999999924,0,0,4291,blue,true,right,21,42,left,orange,1337,0
44385,59,372976.30000003846,0,0,4291,blue,true,left,83,72,right,orange,1163,0
44385,60,376654.4650000287,0,0,4291,blue,true,right,37,11,left,orange,822,0
44385,61,379997.2650000127,1,67,4224,blue,false,right,67,81,left,orange,1682,0
44385,62,384206.445000018,0,0,4224,blue,true,left,12,14,right,orange,809,0
44385,63,387540.1150000398,1,78,4146,blue,false,right,78,90,left,orange,1175,0
44385,64,391240.3550000163,1,46,4100,blue,false,left,46,53,right,orange,1357,0
44385,65,395119.05999999726,0,0,4100,blue,false,right,30,42,right,blue,1069,0
44385,66,398711.6800000076,0,0,4100,blue,false,left,36,65,left,blue,864,0
44385,67,402100.8950000396,0,0,4100,blue,false,right,49,49,right,blue,950,0
44385,68,405574.1949999938,0,0,4100,blue,false,left,44,10,left,blue,820,0
44385,69,408918.405000004,0,0,4100,blue,false,left,70,64,left,blue,1022,0
44385,70,412464.2800000147,0,0,4100,blue,false,right,68,95,right,blue,816,0
44385,71,415801.5800000285,0,0,4100,blue,false,left,38,46,left,blue,744,0
44385,72,419064.1100000357,0,0,4100,blue,false,right,18,24,right,blue,696,0
44385,73,422283.0500000273,0,0,4100,blue,false,left,82,78,left,blue,1185,0
44385,74,425984.9600000307,0,0,4100,blue,false,left,59,54,left,blue,619,0
44385,75,429120.61500002164,0,0,4100,blue,false,right,36,33,right,blue,668,0
44385,76,432313.30500001786,1,56,4044,blue,true,left,49,56,left,blue,764,0
44385,77,435606.7749999929,1,26,4018,blue,false,left,26,83,right,orange,949,0
44385,78,439084.78500001365,1,38,3980,blue,false,left,38,81,right,orange,1804,0
44385,79,443412.4250000459,0,0,3980,blue,false,left,12,3,left,blue,661,0
44385,80,446592.47999999207,0,0,3980,blue,false,left,62,38,left,blue,1071,0
44385,81,450184.50000003213,0,0,3980,blue,false,right,43,50,right,blue,703,0
44385,82,453412.1150000137,0,0,3980,blue,false,left,50,47,left,blue,730,0
44385,83,456666.99500003597,1,35,3945,blue,true,right,41,35,right,blue,677,0
44385,84,459868.0100000347,1,9,3936,blue,false,right,9,62,left,orange,1077,0
44385,85,463472.7450000355,0,0,3936,blue,false,left,60,58,left,blue,978,0
44385,86,466971.46500000963,0,0,3936,blue,false,right,88,31,right,blue,774,0
44385,87,470267.9450000287,0,0,3936,blue,false,right,56,44,right,blue,834,0
44385,88,473625.2600000007,1,15,3921,blue,true,left,31,15,left,blue,636,0
44385,89,476786.6600000416,0,0,3921,blue,false,left,90,31,left,blue,935,0
44385,90,480246.5100000263,0,0,3921,blue,false,right,80,76,right,blue,837,0
44385,91,483605.5050000432,0,0,3921,blue,false,right,78,4,right,blue,647,0
44385,92,486778.2100000186,0,0,3921,blue,false,left,60,28,left,blue,745,0
44385,93,490043.44000003766,1,99,3822,blue,true,right,56,99,right,blue,1287,0
44385,94,497861.30500002764,0,0,3822,blue,false,left,31,45,left,blue,2024,0
44385,95,502403.63000001526,0,0,3822,blue,false,left,55,16,left,blue,554,0
44385,96,505476.9050000468,0,0,3822,blue,true,left,12,89,right,orange,910,0
44385,97,508902.49500004575,0,0,3822,blue,false,left,49,4,left,blue,830,0
44385,98,512250.60500000836,0,0,3822,blue,false,left,69,12,left,blue,514,0
44385,99,515280.6800000253,1,26,3796,blue,true,right,49,26,right,blue,604,0
44385,100,518405.4350000224,0,0,3796,blue,false,right,75,76,right,blue,1344,0
44385,101,522266.100000008,1,22,3774,blue,false,left,22,90,right,orange,1668,0
44385,102,526453.8000000175,1,23,3751,blue,true,left,26,23,left,blue,593,0
44385,103,529568.1300000288,1,11,3740,blue,false,left,11,68,right,orange,957,0
44385,104,533048.0250000255,1,82,3658,blue,true,left,71,82,left,blue,1477,0
44385,105,537042.860000045,1,86,3572,blue,false,left,86,95,right,orange,1881,0
44385,106,541448.5850000056,1,79,3493,blue,false,left,79,88,right,orange,1444,0
44385,107,545411.5699999966,0,0,3493,blue,false,right,75,40,right,blue,910,0
44385,108,548839.2250000034,1,11,3482,blue,false,left,11,94,right,orange,906,0
44385,109,552267.525000032,0,0,3482,blue,true,right,53,44,left,orange,1802,0
44385,110,556590.8150000032,0,0,3482,blue,false,right,85,17,right,blue,900,0
44385,111,560011.685000034,1,32,3450,blue,true,left,85,32,left,blue,743,0
44385,112,563275.8250000188,1,38,3412,blue,false,right,38,68,left,orange,1393,0
44385,113,567192.1650000149,1,28,3384,blue,false,right,28,93,left,orange,1452,0
44385,114,571172.034999996,0,0,3384,blue,false,right,13,95,right,blue,2118,0
44385,115,575812.5350000337,0,0,3384,blue,false,right,69,60,right,blue,874,0
44385,116,579213.8250000426,1,95,3289,blue,true,left,56,95,left,blue,876,0
44385,117,582614.2850000178,1,2,3287,blue,false,left,2,41,right,orange,951,0
44385,118,586095.6900000456,0,0,3287,blue,false,left,42,5,left,blue,726,0
44385,119,589347.4450000213,0,0,3287,blue,false,right,44,30,right,blue,601,0
44385,120,592470.2000000398,0,0,3287,blue,false,left,79,4,left,blue,716,0
44385,121,595709.0450000251,0,0,3287,blue,false,right,83,87,right,blue,840,0
44385,122,599068.4100000071,0,0,3287,blue,false,right,59,44,right,blue,761,0
44385,123,602350.4500000272,1,10,3277,blue,true,right,15,10,right,blue,1215,0
44385,124,606089.6000000066,0,0,3277,blue,false,left,60,15,left,blue,716,0
44385,125,609325.7150000427,0,0,3277,blue,false,right,73,25,right,blue,801,0
44385,126,612649.6150000021,0,0,3277,blue,false,right,43,23,right,blue,1093,0
44385,127,616259.5800000126,1,22,3255,blue,false,right,22,87,left,orange,1956,0
44385,128,620739.3900000025,1,77,3178,blue,true,right,27,77,right,blue,1061,0
44385,129,624324.2350000073,0,0,3178,blue,false,right,99,35,right,blue,938,0
44385,130,627780.9800000396,1,39,3139,blue,true,left,49,39,left,blue,810,0
44385,131,631115.374999994,0,0,3139,blue,false,left,83,60,left,blue,1229,0
44385,132,634867.2249999945,1,54,3085,blue,true,right,61,54,right,blue,686,0
44385,133,638082.9900000244,0,0,3085,blue,false,right,82,34,right,blue,914,0
44385,134,641518.9150000224,0,0,3085,blue,false,left,96,86,left,blue,865,0
44385,135,644905.6700000074,0,0,3085,blue,false,left,65,27,left,blue,693,0
44385,136,648121.3250000146,0,0,3085,blue,false,right,63,93,right,blue,907,0
44385,137,651547.6350000245,0,0,3085,blue,false,right,65,40,right,blue,809,0
44385,138,654871.7250000336,1,7,3078,blue,false,left,7,69,right,orange,1292,0
44385,139,658684.3850000296,1,28,3050,blue,true,right,94,28,right,blue,913,0
44385,140,662119.3499999936,0,0,3050,blue,false,right,90,4,right,blue,804,0
