Quiz_round,2,RESULT:,SideGoodness,Incorrect
num_trial,optionsPresented_time,outcome,loss_amount,running_total,anchor_stim,blue_aversive,blue_side,amount_orange,amount_blue,chosen_side,chosen_color,response_time,trial_repeat_count
1,236238.9100000728,1,10,4990,blue,true,right,23,10,right,blue,2718,0
2,241503.50499991328,0,0,4990,blue,true,right,45,97,left,orange,3255,0
3,247299.8999999836,0,0,4990,blue,true,right,54,62,left,orange,979,0
4,250820.8399999421,0,0,4990,blue,false,right,99,16,right,blue,893,0
5,254246.7399998568,1,40,4950,blue,true,left,72,40,left,blue,1563,0
6,258352.0599999465,1,88,4862,blue,true,left,98,88,left,blue,1058,0
7,261951.58999995328,0,0,4862,blue,true,left,6,54,right,orange,607,0
8,265087.12500007823,0,0,4862,blue,true,right,64,55,left,orange,1772,0
9,269397.6050000638,0,0,4862,blue,false,right,96,45,right,blue,1045,0
10,272977.0150000695,1,19,4843,blue,true,right,28,19,right,blue,1268,0
11,276791.2550000474,1,26,4817,blue,true,left,95,26,left,blue,1584,0
12,280919.95999985375,0,0,4817,blue,true,left,90,29,right,orange,757,0
13,284210.58499999344,0,0,4817,blue,true,right,20,53,left,orange,628,0
14,287367.81500000507,0,0,4817,blue,true,left,74,56,right,orange,1151,0
15,291051.5699998941,0,0,4817,blue,true,right,18,42,left,orange,891,0
16,294485.22499995306,0,0,4817,blue,true,left,11,91,right,orange,910,0
17,297927.32000001706,1,32,4785,blue,false,left,32,31,right,orange,2319,0
18,302796.7049998697,0,0,4785,blue,true,right,36,65,left,orange,901,0
19,306241.96999985725,0,0,4785,blue,false,right,40,30,right,blue,1643,0
20,310421.474999981,0,0,4785,blue,true,right,29,26,left,orange,2387,0
21,315348.1300000567,1,32,4753,blue,false,left,32,36,right,orange,1347,0
22,319236.0149999149,1,81,4672,blue,true,left,72,81,left,blue,1869,0
23,323647.00499991886,0,0,4672,blue,false,left,95,54,left,blue,998,0
24,327179.1399999056,1,40,4632,blue,false,left,40,59,right,orange,815,0
25,330538.38500007987,0,0,4632,blue,false,left,29,24,left,blue,939,0
26,334004.2999999132,0,0,4632,blue,false,right,60,51,right,blue,1101,0
27,337639.36999998987,0,0,4632,blue,false,left,83,65,left,blue,1261,0
28,341436.4400000777,0,0,4632,blue,true,right,78,98,left,orange,1207,0
29,345171.8599998858,1,56,4576,blue,false,right,56,51,left,orange,1862,0
30,349566.9549999293,0,0,4576,blue,false,right,5,20,right,blue,3047,0
31,355144.65999999084,0,0,4576,blue,false,left,67,2,left,blue,1092,0
32,358773.32999999635,0,0,4576,blue,false,left,85,84,left,blue,1803,0
33,363100.34499992616,1,49,4527,blue,true,left,7,49,left,blue,2538,0
34,368184.36999991536,1,37,4490,blue,false,right,37,47,left,orange,1375,0
35,372090.61999991536,1,27,4463,blue,false,left,27,91,right,orange,1079,0
36,375717.9550000001,0,0,4463,blue,false,left,44,42,left,blue,1459,0
37,379704.9849999603,1,55,4408,blue,true,right,31,55,right,blue,1347,0
38,383612.1399998665,0,0,4408,blue,false,right,97,70,right,blue,959,0
39,387103.08500006795,0,0,4408,blue,false,right,14,9,right,blue,671,0
40,390304.27500000224,0,0,4408,blue,true,left,23,51,right,orange,1108,0
41,393944.6000000462,1,79,4329,blue,true,left,89,79,left,blue,1101,0
42,397588.65499985404,0,0,4329,blue,true,left,83,86,right,orange,4006,0
43,404123.755000066,0,0,4329,blue,true,left,40,62,right,orange,1889,0
44,408540.15500005335,0,0,4329,blue,true,right,36,23,left,orange,613,0
45,411680.0299999304,0,0,4329,blue,true,right,65,61,left,orange,1184,0
46,415408.5699999705,1,67,4262,blue,true,right,74,67,right,blue,890,0
47,418845.900000073,0,0,4262,blue,true,left,73,41,right,orange,1439,0
48,426850.9750000667,1,96,4166,blue,false,left,96,54,right,orange,2951,0
49,432347.43000008166,1,88,4078,blue,true,left,86,88,left,blue,1622,0
50,436519.5999999996,0,0,4078,blue,true,left,43,66,right,orange,799,0
51,439851.8149999436,0,0,4078,blue,true,left,72,79,right,orange,1168,0
52,443554.9250000622,0,0,4078,blue,false,right,71,13,right,blue,1160,0
53,447245.5599999521,1,53,4025,blue,true,right,78,53,right,blue,852,0
54,450638.7950000353,0,0,4025,blue,true,right,57,90,left,orange,803,0
55,453976.09999985434,0,0,4025,blue,false,left,3,12,left,blue,1570,0
56,458087.1449999977,1,64,3961,blue,true,right,2,64,right,blue,1248,0
57,461879.1499999352,1,9,3952,blue,true,right,99,9,right,blue,1525,0
58,465939.989999868,0,0,3952,blue,true,right,21,42,left,orange,902,0
59,469384.30500007235,1,72,3880,blue,true,right,83,72,right,blue,1364,0
60,473287.6099999994,0,0,3880,blue,true,right,37,11,left,orange,641,0
61,476455.9649999719,1,67,3813,blue,false,left,67,81,right,orange,604,0
62,479595.96999990754,1,14,3799,blue,true,left,12,14,left,blue,864,0
63,483010.4650000576,1,78,3721,blue,false,right,78,90,left,orange,1003,0
64,486561.99000007473,0,0,3721,blue,false,right,46,53,right,blue,729,0
65,489821.8999998644,0,0,3721,blue,false,right,30,42,right,blue,358,0
66,492721.7299998738,0,0,3721,blue,false,right,36,65,right,blue,332,0
67,495595.53499985486,0,0,3721,blue,false,left,49,49,left,blue,1995,0
68,500131.46000006236,0,0,3721,blue,false,left,44,10,left,blue,1401,0
69,504073.26500001363,0,0,3721,blue,false,left,70,64,left,blue,2074,0
70,508689.76500001736,1,68,3653,blue,false,left,68,95,right,orange,959,0
71,512192.6750000566,0,0,3653,blue,false,right,38,46,right,blue,1254,0
72,515985.4800000321,0,0,3653,blue,false,left,18,24,left,blue,987,0
73,519510.58500004,0,0,3653,blue,false,left,82,78,left,blue,735,0
74,522790.335000027,0,0,3653,blue,false,right,59,54,right,blue,1545,0
75,526879.2349998839,0,0,3653,blue,false,left,36,33,left,blue,1928,0
76,531350.284999935,1,56,3597,blue,true,left,49,56,left,blue,826,0
77,534719.1299998667,1,26,3571,blue,false,left,26,83,right,orange,758,0
78,538016.3399998564,1,38,3533,blue,false,left,38,81,right,orange,1155,0
79,541711.5350000095,0,0,3533,blue,false,right,12,3,right,blue,646,0
80,544895.1499999966,0,0,3533,blue,false,right,62,38,right,blue,490,0
81,547924.764999887,0,0,3533,blue,false,left,43,50,left,blue,490,0
82,550955.8449999895,0,0,3533,blue,false,left,50,47,left,blue,422,0
83,553913.2000000682,1,35,3498,blue,true,left,41,35,left,blue,831,0
84,557289.6149998996,1,9,3489,blue,false,left,9,62,right,orange,336,0
85,560164.9750000797,0,0,3489,blue,false,left,60,58,left,blue,666,0
86,563353.7449999712,0,0,3489,blue,false,right,88,31,right,blue,521,0
87,566413.7150000315,0,0,3489,blue,false,left,56,44,left,blue,931,0
88,569876.6900000628,1,15,3474,blue,true,right,31,15,right,blue,1663,0
89,574077.3449998815,0,0,3474,blue,false,left,90,31,left,blue,2027,0
90,578641.6100000497,0,0,3474,blue,false,left,80,76,left,blue,735,0
91,581904.3799999636,0,0,3474,blue,false,right,78,4,right,blue,3536,0
92,587980.029999977,0,0,3474,blue,false,left,60,28,left,blue,2079,0
93,592608.0799999181,1,99,3375,blue,true,left,56,99,left,blue,1305,0
94,600458.3349998575,1,31,3344,blue,false,right,31,45,left,orange,1687,0
95,604682.0699998643,0,0,3344,blue,false,right,55,16,right,blue,385,0
96,607590.3749999125,1,89,3255,blue,true,left,12,89,left,blue,1172,0
97,611302.2449999116,0,0,3255,blue,false,right,49,4,right,blue,1196,0
98,615041.0400000401,0,0,3255,blue,false,right,69,12,right,blue,1334,0
99,618912.0249999687,1,26,3229,blue,true,left,49,26,left,blue,772,0
100,622241.2799999584,0,0,3229,blue,false,right,75,76,right,blue,1286,0
101,626051.2999999337,1,22,3207,blue,false,left,22,90,right,orange,3951,0
102,632542.279999936,1,23,3184,blue,true,right,26,23,right,blue,980,0
103,636066.3049998693,1,11,3173,blue,false,left,11,68,right,orange,1196,0
104,639805.8199998923,1,82,3091,blue,true,left,71,82,left,blue,970,0
105,643311.1349998508,0,0,3091,blue,false,right,86,95,right,blue,1096,0
106,646940.8350000158,0,0,3091,blue,false,left,79,88,left,blue,851,0
107,650332.7099999879,0,0,3091,blue,false,right,75,40,right,blue,1741,0
108,654611.6899999324,1,11,3080,blue,false,right,11,94,left,orange,737,0
109,657891.3900000043,1,44,3036,blue,true,left,53,44,left,blue,1102,0
110,661538.7899999041,1,85,2951,blue,false,left,85,17,right,orange,437,0
111,664522.2599999979,1,32,2919,blue,true,left,85,32,left,blue,621,0
112,667690.1199999265,1,38,2881,blue,false,left,38,68,right,orange,416,0
113,670649.1950000636,1,28,2853,blue,false,left,28,93,right,orange,307,0
114,673505.540000042,1,13,2840,blue,false,left,13,95,right,orange,1106,0
115,677156.5249999985,1,69,2771,blue,false,right,69,60,left,orange,1223,0
116,680917.1549999155,1,95,2676,blue,true,right,56,95,right,blue,1003,0
117,684462.1949999128,0,0,2676,blue,false,right,2,41,right,blue,759,0
118,687762.4500000384,1,42,2634,blue,false,left,42,5,right,orange,578,0
119,690880.8100000024,0,0,2634,blue,false,left,44,30,left,blue,840,0
120,694253.8300000597,1,79,2555,blue,false,left,79,4,right,orange,638,0
121,697434.5249999315,0,0,2555,blue,false,left,83,87,left,blue,1806,0
122,701765.9149998799,0,0,2555,blue,false,left,59,44,left,blue,297,0
123,704612.5049998518,1,10,2545,blue,true,left,15,10,left,blue,332,0
124,707482.0000000764,0,0,2545,blue,false,left,60,15,left,blue,2106,0
125,712111.1899998505,0,0,2545,blue,false,right,73,25,right,blue,1112,0
126,715764.5499999635,0,0,2545,blue,false,right,43,23,right,blue,1265,0
127,719562.7049999312,1,22,2523,blue,false,right,22,87,left,orange,1429,0
128,723538.6049998924,1,77,2446,blue,true,right,27,77,right,blue,687,0
129,726777.1649998613,0,0,2446,blue,false,right,99,35,right,blue,2880,0
130,732193.2749999687,0,0,2446,blue,true,right,49,39,left,orange,1569,0
131,736293.629999971,1,83,2363,blue,false,left,83,60,right,orange,1012,0
132,739848.6249998678,1,54,2309,blue,true,left,61,54,left,blue,1153,0
133,743547.1200000029,0,0,2309,blue,false,right,82,34,right,blue,712,0
134,746808.560000034,0,0,2309,blue,false,right,96,86,right,blue,969,0
135,750323.8349999301,0,0,2309,blue,false,right,65,27,right,blue,779,0
136,753633.834999986,1,63,2246,blue,false,left,63,93,right,orange,1319,0
137,757505.5750000756,0,0,2246,blue,false,right,65,40,right,blue,647,0
138,760699.9200000428,0,0,2246,blue,false,left,7,69,left,blue,424,0
139,763666.7150000576,1,28,2218,blue,true,right,94,28,right,blue,352,0
140,766576.8500000704,0,0,2218,blue,false,left,90,4,left,blue,999,0
