Quiz_round,2,RESULT:,SideGoodness,Incorrect
num_trial,optionsPresented_time,outcome,loss_amount,running_total,anchor_stim,blue_aversive,blue_side,amount_orange,amount_blue,chosen_side,chosen_color,response_time,trial_repeat_count
1,156835.80000001192,0,0,5000,blue,true,left,44,37,right,orange,2064,0
2,161425.5,1,12,4988,blue,true,left,66,12,left,blue,1119,0
3,165075.30000001192,0,0,4988,blue,true,left,98,9,right,orange,897,0
4,168502.30000001192,1,20,4968,blue,false,right,20,91,left,orange,899,0
5,171939.39999997616,1,8,4960,blue,true,left,28,8,left,blue,1041,0
6,175513.39999997616,0,0,4960,blue,true,left,30,33,right,orange,1007,0
7,179050.89999997616,1,24,4936,blue,true,right,27,24,right,blue,1009,0
8,182588,1,58,4878,blue,false,left,58,43,right,orange,1648,0
9,186779.5,1,47,4831,blue,true,left,72,47,left,blue,1092,0
10,190398.5,1,44,4787,blue,false,right,44,44,left,orange,939,0
11,193863.89999997616,1,26,4761,blue,true,right,69,26,right,blue,678,0
12,197074.30000001192,0,0,4761,blue,true,left,6,41,right,orange,711,0
13,200322.09999996424,0,0,4761,blue,true,left,88,34,right,orange,1031,0
14,203877.09999996424,0,0,4761,blue,false,right,73,18,right,blue,1764,0
15,208164.39999997616,1,25,4736,blue,true,left,60,25,left,blue,715,0
16,211411.09999996424,1,6,4730,blue,true,left,68,6,left,blue,722,0
17,214662.69999998808,1,48,4682,blue,false,left,48,39,right,orange,775,0
18,217965.30000001192,0,0,4682,blue,true,right,35,76,left,orange,951,0
19,221434.19999998808,1,85,4597,blue,true,left,23,85,left,blue,957,0
20,224918.09999996424,1,22,4575,blue,true,left,54,22,left,blue,1231,0
21,228673,1,66,4509,blue,false,left,66,58,right,orange,755,0
22,231956.69999998808,0,0,4509,blue,true,right,98,41,left,orange,574,0
23,235062.39999997616,0,0,4509,blue,true,left,58,80,right,orange,938,0
24,238530.19999998808,0,0,4509,blue,true,left,32,85,right,orange,1044,0
25,242098.80000001192,0,0,4509,blue,false,right,83,15,right,blue,977,0
26,245607.69999998808,1,16,4493,blue,true,left,18,16,left,blue,822,0
27,248956.89999997616,0,0,4493,blue,true,left,56,99,right,orange,1309,0
28,252795.5,1,75,4418,blue,true,right,23,75,right,blue,992,0
29,256309.39999997616,1,18,4400,blue,true,left,68,18,left,blue,857,0
30,259701.39999997616,0,0,4400,blue,true,right,30,16,left,orange,824,0
31,263051.09999996424,0,0,4400,blue,true,right,86,37,left,orange,1231,0
32,266809.1999999881,1,44,4356,blue,true,left,47,44,left,blue,1002,0
33,270348.3000000119,1,91,4265,blue,true,right,3,91,right,blue,1086,0
34,273962.6999999881,1,60,4205,blue,false,right,60,14,left,orange,686,0
35,277179.3000000119,0,0,4205,blue,true,right,54,84,left,orange,838,0
36,280539.5,0,0,4205,blue,true,right,34,23,left,orange,739,0
37,283811.5,0,0,4205,blue,true,right,96,28,left,orange,751,0
38,287090.5,1,83,4122,blue,false,left,83,94,right,orange,1751,0
39,291375.59999996424,0,0,4122,blue,true,left,63,86,right,orange,796,0
40,294696.6999999881,0,0,4122,blue,true,right,99,53,left,orange,603,0
41,297818.8000000119,0,0,4122,blue,true,left,29,91,right,orange,1031,0
42,301367.59999996424,0,0,4122,blue,true,right,88,64,left,orange,580,0
43,304493.8000000119,0,0,4122,blue,true,left,84,70,right,orange,768,0
44,307810.5,1,61,4061,blue,false,left,61,88,right,orange,590,0
45,310930.1999999881,0,0,4061,blue,true,right,61,43,left,orange,512,0
46,313970.3000000119,0,0,4061,blue,true,right,87,54,left,orange,561,0
47,317054.5,1,5,4056,blue,false,right,5,90,left,orange,618,0
48,324205.39999997616,1,44,4012,blue,true,left,71,44,left,blue,1187,0
49,327920.09999996424,0,0,4012,blue,true,left,42,52,right,orange,398,0
50,330844.8000000119,1,93,3919,blue,true,left,39,93,left,blue,839,0
51,334211.1999999881,0,0,3919,blue,true,left,39,24,right,orange,326,0
52,337085.1999999881,1,20,3899,blue,false,right,20,10,left,orange,518,0
53,340131.3000000119,1,85,3814,blue,false,left,85,43,right,orange,404,0
54,343061.89999997616,0,0,3814,blue,false,right,77,7,right,blue,320,0
55,345907.3000000119,1,90,3724,blue,true,right,95,90,right,blue,622,0
56,349058.8000000119,0,0,3724,blue,true,left,56,7,right,orange,1112,0
57,352697.1999999881,0,0,3724,blue,true,right,50,69,left,orange,773,0
58,355995.5,0,0,3724,blue,true,left,4,83,right,orange,733,0
59,359258.1999999881,1,40,3684,blue,false,left,40,8,right,orange,539,0
60,362325.1999999881,0,0,3684,blue,true,right,47,86,left,orange,489,0
61,365338.09999996424,1,49,3635,blue,true,right,15,49,right,blue,583,0
62,368447.59999996424,0,0,3635,blue,true,right,17,39,left,orange,374,0
63,371341.39999997616,1,76,3559,blue,false,left,76,97,right,orange,889,0
64,374760.3000000119,0,0,3559,blue,true,right,73,14,left,orange,382,0
65,377670.89999997616,0,0,3559,blue,true,left,67,29,right,orange,668,0
66,380869.09999996424,0,0,3559,blue,true,right,48,39,left,orange,593,0
67,383989.39999997616,0,0,3559,blue,true,right,30,99,left,orange,493,0
68,387005.39999997616,0,0,3559,blue,false,right,13,20,right,blue,750,0
69,390278.89999997616,0,0,3559,blue,true,right,66,59,left,orange,746,0
70,393547.5,0,0,3559,blue,true,left,20,60,right,orange,965,0
71,397048.6999999881,1,25,3534,blue,true,left,41,25,left,blue,1588,0
72,401163.09999996424,0,0,3534,blue,false,left,76,70,left,blue,858,0
73,404546.5,0,0,3534,blue,false,right,73,18,right,blue,935,0
74,408005.5,0,0,3534,blue,false,right,41,80,right,blue,815,0
75,411347.59999996424,1,76,3458,blue,true,left,25,76,left,blue,1328,0
76,415204.1999999881,1,34,3424,blue,false,right,34,52,left,orange,873,0
77,418603.3000000119,1,30,3394,blue,false,right,30,60,left,orange,904,0
78,422034.39999997616,0,0,3394,blue,false,right,91,36,right,blue,939,0
79,425493.3000000119,1,70,3324,blue,false,left,70,59,right,orange,698,0
80,428721.1999999881,0,0,3324,blue,true,right,64,47,left,orange,682,0
81,431923.59999996424,0,0,3324,blue,false,left,28,44,left,blue,877,0
82,435321.1999999881,1,2,3322,blue,false,right,2,80,left,orange,692,0
83,438539.8000000119,1,20,3302,blue,false,left,20,39,right,orange,616,0
84,441693.6999999881,1,32,3270,blue,false,left,32,61,right,orange,722,0
85,444950.89999997616,1,90,3180,blue,false,left,90,61,right,orange,716,0
86,448196.59999996424,1,70,3110,blue,true,left,62,70,left,blue,398,0
87,451117.8000000119,1,17,3093,blue,false,left,17,33,right,orange,691,0
88,454333.09999996424,0,0,3093,blue,false,left,74,17,left,blue,469,0
89,457331.09999996424,0,0,3093,blue,false,right,2,85,right,blue,561,0
90,460414.59999996424,1,39,3054,blue,false,left,39,76,right,orange,670,0
91,463614.59999996424,0,0,3054,blue,false,left,70,20,left,blue,453,0
92,466598.3000000119,1,69,2985,blue,true,right,24,69,right,blue,421,0
93,469548.1999999881,1,52,2933,blue,true,left,59,52,left,blue,485,0
94,476569.89999997616,0,0,2933,blue,false,right,15,43,right,blue,81,0
95,479176.89999997616,0,0,2933,blue,true,right,50,34,left,orange,381,0
96,482083.59999996424,1,43,2890,blue,false,right,43,48,left,orange,795,0
97,485416,0,0,2890,blue,true,right,14,35,left,orange,656,0
98,488596.8000000119,0,0,2890,blue,true,right,12,42,left,orange,539,0
99,491665.89999997616,0,0,2890,blue,true,left,40,44,right,orange,515,0
100,494704.39999997616,0,0,2890,blue,true,left,88,50,right,orange,1044,0
101,498276.3000000119,0,0,2890,blue,true,right,51,19,left,orange,837,0
102,501645.89999997616,0,0,2890,blue,true,left,44,59,right,orange,539,0
103,504748.8000000119,1,9,2881,blue,true,right,23,9,right,blue,314,0
104,507588.59999996424,0,0,2881,blue,true,left,23,76,right,orange,651,0
105,510767.1999999881,0,0,2881,blue,true,left,94,47,right,orange,957,0
106,514252.6999999881,1,67,2814,blue,false,right,67,56,left,orange,631,0
107,517413.89999997616,0,0,2814,blue,true,left,50,16,right,orange,946,0
108,520881.8000000119,1,7,2807,blue,true,left,83,7,left,blue,991,0
109,524400.6999999881,0,0,2807,blue,true,left,86,41,right,orange,508,0
110,527433.8000000119,0,0,2807,blue,true,right,61,37,left,orange,624,0
111,530580.5999999642,1,82,2725,blue,false,right,82,57,left,orange,823,0
112,533933.5999999642,1,68,2657,blue,false,left,68,28,right,orange,530,0
113,536995.8000000119,1,65,2592,blue,false,right,65,76,left,orange,571,0
114,540095.6999999881,1,25,2567,blue,false,left,25,19,right,orange,879,0
115,543502.0999999642,1,67,2500,blue,false,left,67,68,right,orange,1033,0
116,547059.3000000119,0,0,2500,blue,false,left,82,68,left,blue,767,0
117,550351.5,1,88,2412,blue,false,right,88,19,left,orange,620,0
118,553497,0,0,2412,blue,true,left,55,11,right,orange,659,0
119,556678.5,0,0,2412,blue,true,right,74,36,left,orange,807,0
120,560015.0999999642,1,18,2394,blue,false,left,18,64,right,orange,613,0
121,563151.5999999642,1,15,2379,blue,false,right,15,3,left,orange,1046,0
122,566726.1999999881,1,91,2288,blue,false,left,91,76,right,orange,1263,0
123,570515.3999999762,1,66,2222,blue,false,left,66,92,right,orange,906,0
124,573954.8999999762,0,0,2222,blue,false,left,67,14,left,blue,734,0
125,577213.5999999642,0,0,2222,blue,true,left,11,77,right,orange,1064,0
126,580799.8000000119,1,36,2186,blue,false,left,36,20,right,orange,930,0
127,584278.0999999642,1,44,2142,blue,false,right,44,61,left,orange,670,0
128,587473.6999999881,1,4,2138,blue,false,left,4,34,right,orange,987,0
129,590989.1999999881,1,86,2052,blue,false,left,86,63,right,orange,994,0
130,594509.0999999642,0,0,2052,blue,false,left,99,43,left,blue,1127,0
131,598154.8000000119,0,0,2052,blue,true,right,95,56,left,orange,669,0
132,601344.3999999762,1,89,1963,blue,false,left,89,63,right,orange,615,0
133,604492,1,80,1883,blue,true,left,88,80,left,blue,686,0
134,607706.5999999642,1,5,1878,blue,false,right,5,10,left,orange,616,0
135,610929.5999999642,0,0,1878,blue,true,left,35,80,right,orange,556,0
136,614013.3000000119,0,0,1878,blue,true,right,8,57,left,orange,576,0
137,617107.5,0,0,1878,blue,true,right,78,47,left,orange,595,0
138,620244.0999999642,0,0,1878,blue,true,right,5,99,left,orange,645,0
139,623413,0,0,1878,blue,true,right,62,67,left,orange,380,0
140,626318.8000000119,1,95,1783,blue,false,left,95,27,right,orange,653,0
