Quiz_round,2,RESULT:,Steal1Goodness,Incorrect
num_trial,optionsPresented_time,outcome,loss_amount,running_total,anchor_stim,blue_aversive,blue_side,amount_orange,amount_blue,chosen_side,chosen_color,response_time,trial_repeat_count
1,755018.6000000006,1,37,4963,blue,true,left,44,37,left,blue,435,1
2,758003.8999999994,1,12,4951,blue,true,right,66,12,right,blue,1518,0
3,762087.2000000002,0,0,4951,blue,true,right,98,9,left,orange,1597,0
4,766239.5000000009,1,20,4931,blue,false,left,20,91,right,orange,776,0
5,769568.2000000002,0,0,4931,blue,true,right,28,8,left,orange,831,0
6,772954.1000000006,0,0,4931,blue,true,right,30,33,left,orange,546,0
7,776056.7999999998,0,0,4931,blue,true,right,27,24,left,orange,936,0
8,779536.7999999998,1,58,4873,blue,false,left,58,43,right,orange,1069,0
9,783162.2000000002,0,0,4873,blue,true,left,72,47,right,orange,1250,0
10,786970.3999999994,1,44,4829,blue,false,right,44,44,left,orange,1035,0
11,790550.5000000009,0,0,4829,blue,true,left,69,26,right,orange,763,0
12,793867.2000000002,0,0,4829,blue,true,right,6,41,left,orange,854,0
13,797265.2999999998,1,34,4795,blue,true,right,88,34,right,blue,916,0
14,800735.0000000009,1,73,4722,blue,false,right,73,18,left,orange,1125,0
15,804409.7000000002,0,0,4722,blue,true,left,60,25,right,orange,1610,0
16,808572.2999999998,0,0,4722,blue,true,right,68,6,left,orange,644,0
17,811760.2000000002,1,48,4674,blue,false,right,48,39,left,orange,612,0
18,814945.2999999998,0,0,4674,blue,true,right,35,76,left,orange,2524,0
19,820035.2000000002,0,0,4674,blue,true,left,23,85,right,orange,1157,0
20,823756.2000000002,0,0,4674,blue,true,right,54,22,left,orange,1164,0
21,827495.8999999994,1,66,4608,blue,false,left,66,58,right,orange,1108,0
22,831164.2999999998,0,0,4608,blue,true,left,98,41,right,orange,778,0
23,834504.2000000002,0,0,4608,blue,true,right,58,80,left,orange,1248,0
24,838312.2999999998,0,0,4608,blue,true,left,32,85,right,orange,1167,0
25,842029.1000000006,1,83,4525,blue,false,right,83,15,left,orange,1052,0
26,845639.3999999994,0,0,4525,blue,true,right,18,16,left,orange,891,0
27,849069.7000000002,0,0,4525,blue,true,right,56,99,left,orange,844,0
28,852465.0000000009,0,0,4525,blue,true,left,23,75,right,orange,3670,0
29,858679.7999999998,1,18,4507,blue,true,left,68,18,left,blue,1218,0
30,862445.5000000009,0,0,4507,blue,true,right,30,16,left,orange,659,0
31,865647.2999999998,0,0,4507,blue,true,left,86,37,right,orange,561,0
32,868765.2999999998,0,0,4507,blue,true,right,47,44,left,orange,798,0
33,872124.0000000009,0,0,4507,blue,true,left,3,91,right,orange,773,0
34,875447.3999999994,0,0,4507,blue,false,left,60,14,left,blue,967,0
35,878956.3999999994,0,0,4507,blue,true,right,54,84,left,orange,1000,0
36,882501.0000000009,0,0,4507,blue,true,left,34,23,right,orange,646,0
37,885695.8999999994,1,28,4479,blue,true,left,96,28,left,blue,1118,0
38,889374.3999999994,1,83,4396,blue,false,left,83,94,right,orange,787,0
39,892703.3999999994,0,0,4396,blue,true,left,63,86,right,orange,517,0
40,895786.6000000006,0,0,4396,blue,true,left,99,53,right,orange,500,0
41,898853.5000000009,0,0,4396,blue,true,right,29,91,left,orange,1393,0
42,902785.0000000009,1,64,4332,blue,true,left,88,64,left,blue,936,0
43,906292.1000000006,0,0,4332,blue,true,left,84,70,right,orange,1440,0
44,910272.6000000006,1,61,4271,blue,false,left,61,88,right,orange,575,0
45,913404.5000000009,0,0,4271,blue,true,right,61,43,left,orange,805,0
46,916765.1000000006,0,0,4271,blue,true,right,87,54,left,orange,905,0
47,920243.2000000002,1,5,4266,blue,false,right,5,90,left,orange,557,0
48,927400.2000000002,0,0,4266,blue,true,right,71,44,left,orange,2713,0
49,932662.5000000009,0,0,4266,blue,true,right,42,52,left,orange,663,0
50,935873.7000000002,0,0,4266,blue,true,left,39,93,right,orange,1091,0
51,939510.1000000006,0,0,4266,blue,true,left,39,24,right,orange,628,0
52,942688.1000000006,1,20,4246,blue,false,right,20,10,left,orange,603,0
53,945871.7999999998,0,0,4246,blue,false,left,85,43,left,blue,1304,0
54,949725.6000000006,0,0,4246,blue,false,left,77,7,left,blue,1577,0
55,953849.5000000009,0,0,4246,blue,true,left,95,90,right,orange,828,0
56,957244.2000000002,1,7,4239,blue,true,left,56,7,left,blue,1414,0
57,961209.8999999994,0,0,4239,blue,true,right,50,69,left,orange,2004,0
58,965762.8999999994,0,0,4239,blue,true,right,4,83,left,orange,1019,0
59,969329.6000000006,1,40,4199,blue,false,right,40,8,left,orange,832,0
60,972717.7000000002,0,0,4199,blue,true,left,47,86,right,orange,804,0
61,976077.7999999998,0,0,4199,blue,true,left,15,49,right,orange,1191,0
62,979820.0000000009,0,0,4199,blue,true,right,17,39,left,orange,830,0
63,983189.0000000009,1,76,4123,blue,false,right,76,97,left,orange,928,0
64,986673.2999999998,0,0,4123,blue,true,left,73,14,right,orange,961,0
65,990196.1000000006,1,29,4094,blue,true,right,67,29,right,blue,1403,0
66,994160.2000000002,0,0,4094,blue,true,right,48,39,left,orange,694,0
67,997396.5000000009,0,0,4094,blue,true,right,30,99,left,orange,769,0
68,1000718.5000000009,1,13,4081,blue,false,left,13,20,right,orange,745,0
69,1004019.0000000009,0,0,4081,blue,true,left,66,59,right,orange,687,0
70,1007246.6000000006,0,0,4081,blue,true,left,20,60,right,orange,999,0
71,1010801.5000000009,0,0,4081,blue,true,right,41,25,left,orange,632,0
72,1013985.7000000002,1,76,4005,blue,false,right,76,70,left,orange,765,0
73,1017308.1000000006,1,73,3932,blue,false,right,73,18,left,orange,1225,0
74,1021090.6000000006,1,41,3891,blue,false,left,41,80,right,orange,592,0
75,1024249.2000000002,0,0,3891,blue,true,left,25,76,right,orange,547,0
76,1027357.3999999994,1,34,3857,blue,false,right,34,52,left,orange,584,0
77,1030495.8999999994,1,30,3827,blue,false,left,30,60,right,orange,543,0
78,1033584.8999999994,0,0,3827,blue,false,right,91,36,right,blue,1316,0
79,1037460.0000000009,0,0,3827,blue,false,right,70,59,right,blue,879,0
80,1040897.3999999994,1,47,3780,blue,true,left,64,47,left,blue,602,0
81,1044053.3999999994,1,28,3752,blue,false,right,28,44,left,orange,681,0
82,1047297.1000000006,0,0,3752,blue,false,right,2,80,right,blue,581,0
83,1050429.1000000006,1,20,3732,blue,false,left,20,39,right,orange,936,0
84,1053920.7999999998,0,0,3732,blue,false,left,32,61,left,blue,569,0
85,1057045.3999999994,0,0,3732,blue,false,right,90,61,right,blue,694,0
86,1060279.3999999994,1,70,3662,blue,true,left,62,70,left,blue,1468,0
87,1064310.7999999998,1,17,3645,blue,false,right,17,33,left,orange,1051,0
88,1067912.2000000002,0,0,3645,blue,false,right,74,17,right,blue,1052,0
89,1071509.500000001,1,2,3643,blue,false,left,2,85,right,orange,1025,0
90,1075101.3999999994,1,39,3604,blue,false,right,39,76,left,orange,964,0
91,1078628.2000000002,0,0,3604,blue,false,right,70,20,right,blue,709,0
92,1081898.2999999998,0,0,3604,blue,true,left,24,69,right,orange,1796,0
93,1086249.3999999994,1,52,3552,blue,true,left,59,52,left,blue,1357,0
94,1094169.3999999994,1,15,3537,blue,false,right,15,43,left,orange,1889,0
95,1098616.2999999998,0,0,3537,blue,true,right,50,34,left,orange,487,0
96,1101655.7000000002,1,43,3494,blue,false,left,43,48,right,orange,435,0
97,1104645.500000001,0,0,3494,blue,true,right,14,35,left,orange,542,0
98,1107736.7999999998,0,0,3494,blue,true,right,12,42,left,orange,567,0
99,1110863.3999999994,0,0,3494,blue,true,right,40,44,left,orange,382,0
100,1113790.500000001,1,50,3444,blue,true,left,88,50,left,blue,1244,0
101,1117599.3999999994,0,0,3444,blue,true,left,51,19,right,orange,655,0
102,1120825.8999999994,0,0,3444,blue,true,left,44,59,right,orange,1103,0
103,1124470.3999999994,0,0,3444,blue,true,right,23,9,left,orange,687,0
104,1127707.500000001,0,0,3444,blue,true,left,23,76,right,orange,532,0
105,1130789.2000000002,1,47,3397,blue,true,right,94,47,right,blue,834,0
106,1134188.2000000002,1,67,3330,blue,false,right,67,56,left,orange,957,0
107,1137714.2999999998,0,0,3330,blue,true,left,50,16,right,orange,611,0
108,1140871.8999999994,0,0,3330,blue,true,right,83,7,left,orange,620,0
109,1144050.1000000006,0,0,3330,blue,true,right,86,41,left,orange,685,0
110,1147294.000000001,0,0,3330,blue,true,right,61,37,left,orange,733,0
111,1150592.3999999994,1,82,3248,blue,false,left,82,57,right,orange,652,0
112,1153820.7000000002,1,68,3180,blue,false,left,68,28,right,orange,640,0
113,1157013.500000001,0,0,3180,blue,false,right,65,76,right,blue,576,0
114,1160138.3999999994,0,0,3180,blue,false,right,25,19,right,blue,399,0
115,1163085.1000000006,0,0,3180,blue,false,right,67,68,right,blue,378,0
116,1166012.7999999998,0,0,3180,blue,false,right,82,68,right,blue,408,0
117,1168972.500000001,0,0,3180,blue,false,left,88,19,left,blue,563,0
118,1172083.000000001,1,11,3169,blue,true,left,55,11,left,blue,429,0
119,1175076.2999999998,1,36,3133,blue,true,right,74,36,right,blue,451,0
120,1178093.2999999998,0,0,3133,blue,false,left,18,64,left,blue,588,0
121,1181240.8999999994,0,0,3133,blue,false,left,15,3,left,blue,462,0
122,1184249.7999999998,0,0,3133,blue,false,left,91,76,left,blue,617,0
123,1187410.7999999998,0,0,3133,blue,false,left,66,92,left,blue,1444,0
124,1191390.3999999994,0,0,3133,blue,false,left,67,14,left,blue,555,0
125,1194508.7999999998,0,0,3133,blue,true,right,11,77,left,orange,788,0
126,1197846.7999999998,0,0,3133,blue,false,right,36,20,right,blue,666,0
127,1201062.2999999998,0,0,3133,blue,false,left,44,61,left,blue,758,0
128,1204372.7000000002,1,4,3129,blue,false,right,4,34,left,orange,660,0
129,1207578.000000001,0,0,3129,blue,false,left,86,63,left,blue,777,0
130,1210920.3999999994,0,0,3129,blue,false,right,99,43,right,blue,665,0
131,1214141.500000001,1,56,3073,blue,true,left,95,56,left,blue,630,0
132,1217331.7999999998,0,0,3073,blue,false,left,89,63,left,blue,803,0
133,1220681.1000000006,1,80,2993,blue,true,left,88,80,left,blue,641,0
134,1223875.3999999994,1,5,2988,blue,false,right,5,10,left,orange,581,0
135,1227004.7000000002,0,0,2988,blue,true,left,35,80,right,orange,946,0
136,1230509.2000000002,0,0,2988,blue,true,right,8,57,left,orange,438,0
137,1233509.7999999998,1,47,2941,blue,true,left,78,47,left,blue,907,0
138,1236965.7000000002,0,0,2941,blue,true,right,5,99,left,orange,539,0
139,1240060.000000001,0,0,2941,blue,true,left,62,67,right,orange,527,0
140,1243149.8999999994,1,95,2846,blue,false,left,95,27,right,orange,789,0
