Quiz_round,2,RESULT:,-,allCorrect
num_trial,optionsPresented_time,outcome,loss_amount,running_total,anchor_stim,blue_aversive,blue_side,amount_orange,amount_blue,chosen_side,chosen_color,response_time,trial_repeat_count
1,188535,1,37,4963,blue,true,right,44,37,right,blue,1402,1
2,192473,1,12,4951,blue,true,right,66,12,right,blue,1567,0
3,196581,0,0,4951,blue,true,left,98,9,right,orange,1434,0
4,200553,1,20,4931,blue,false,right,20,91,left,orange,721,0
5,203809,0,0,4931,blue,true,left,28,8,right,orange,926,0
6,207251,0,0,4931,blue,true,right,30,33,left,orange,541,0
7,210319,0,0,4931,blue,true,left,27,24,right,orange,435,0
8,213272,1,58,4873,blue,false,left,58,43,right,orange,410,0
9,216218,0,0,4873,blue,true,right,72,47,left,orange,446,0
10,219187,1,44,4829,blue,false,right,44,44,left,orange,366,0
11,222084,0,0,4829,blue,true,right,69,26,left,orange,396,0
12,224996,0,0,4829,blue,true,right,6,41,left,orange,371,0
13,227891,0,0,4829,blue,true,right,88,34,left,orange,479,0
14,230904,1,73,4756,blue,false,left,73,18,right,orange,1401,0
15,234846,0,0,4756,blue,true,left,60,25,right,orange,867,0
16,238234,1,6,4750,blue,true,left,68,6,left,blue,1928,0
17,242687,1,48,4702,blue,false,left,48,39,right,orange,611,0
18,245837,0,0,4702,blue,true,right,35,76,left,orange,1540,0
19,249916,0,0,4702,blue,true,right,23,85,left,orange,581,0
20,253024,1,22,4680,blue,true,right,54,22,right,blue,953,0
21,256508,1,66,4614,blue,false,left,66,58,right,orange,636,0
22,259669,0,0,4614,blue,true,left,98,41,right,orange,540,0
23,262736,0,0,4614,blue,true,left,58,80,right,orange,434,0
24,265709,0,0,4614,blue,true,left,32,85,right,orange,452,0
25,268684,1,83,4531,blue,false,right,83,15,left,orange,421,0
26,271627,0,0,4531,blue,true,right,18,16,left,orange,486,0
27,274649,1,99,4432,blue,true,left,56,99,left,blue,281,0
28,277470,0,0,4432,blue,true,left,23,75,right,orange,667,0
29,280677,0,0,4432,blue,true,left,68,18,right,orange,372,0
30,283580,1,16,4416,blue,true,right,30,16,right,blue,406,0
31,286518,0,0,4416,blue,true,left,86,37,right,orange,500,0
32,289537,0,0,4416,blue,true,right,47,44,left,orange,1048,0
33,293107,0,0,4416,blue,true,right,3,91,left,orange,566,0
34,296203,0,0,4416,blue,false,right,60,14,right,blue,390,0
35,299122,0,0,4416,blue,true,right,54,84,left,orange,773,0
36,302428,0,0,4416,blue,true,left,34,23,right,orange,756,0
37,305722,0,0,4416,blue,true,left,96,28,right,orange,693,0
38,308946,0,0,4416,blue,false,right,83,94,right,blue,815,0
39,312284,0,0,4416,blue,true,left,63,86,right,orange,827,0
40,315651,0,0,4416,blue,true,left,99,53,right,orange,501,0
41,318691,0,0,4416,blue,true,right,29,91,left,orange,990,0
42,322209,1,64,4352,blue,true,right,88,64,right,blue,694,0
43,325430,0,0,4352,blue,true,right,84,70,left,orange,523,0
44,328479,1,61,4291,blue,false,right,61,88,left,orange,466,0
45,331472,0,0,4291,blue,true,left,61,43,right,orange,720,0
46,334729,0,0,4291,blue,true,right,87,54,left,orange,374,0
47,337643,1,5,4286,blue,false,left,5,90,right,orange,462,0
48,344642,0,0,4286,blue,true,right,71,44,left,orange,3440,0
49,350602,0,0,4286,blue,true,left,42,52,right,orange,582,0
50,353721,0,0,4286,blue,true,left,39,93,right,orange,465,0
51,356707,1,24,4262,blue,true,left,39,24,left,blue,484,0
52,359731,1,20,4242,blue,false,right,20,10,left,orange,750,0
53,363015,1,85,4157,blue,false,right,85,43,left,orange,602,0
54,366148,0,0,4157,blue,false,left,77,7,left,blue,1491,0
55,370178,1,90,4067,blue,true,right,95,90,right,blue,573,0
56,373293,0,0,4067,blue,true,left,56,7,right,orange,1900,0
57,377717,1,69,3998,blue,true,left,50,69,left,blue,580,0
58,380844,0,0,3998,blue,true,left,4,83,right,orange,381,0
59,383761,1,40,3958,blue,false,left,40,8,right,orange,376,0
60,386678,1,86,3872,blue,true,right,47,86,right,blue,2378,0
61,391591,1,49,3823,blue,true,left,15,49,left,blue,2314,0
62,396441,0,0,3823,blue,true,left,17,39,right,orange,543,0
63,399509,1,76,3747,blue,false,right,76,97,left,orange,443,0
64,402486,0,0,3747,blue,true,left,73,14,right,orange,980,0
65,405989,1,29,3718,blue,true,right,67,29,right,blue,635,0
66,409159,1,39,3679,blue,true,left,48,39,left,blue,715,0
67,412414,0,0,3679,blue,true,left,30,99,right,orange,371,0
68,415309,1,13,3666,blue,false,right,13,20,left,orange,916,0
69,418757,1,59,3607,blue,true,right,66,59,right,blue,436,0
70,421729,0,0,3607,blue,true,right,20,60,left,orange,1287,0
71,425541,0,0,3607,blue,true,left,41,25,right,orange,1395,0
72,429469,0,0,3607,blue,false,left,76,70,left,blue,420,0
73,432429,1,73,3534,blue,false,right,73,18,left,orange,523,0
74,435485,1,41,3493,blue,false,right,41,80,left,orange,1772,0
75,439781,1,76,3417,blue,true,left,25,76,left,blue,1277,0
76,443599,0,0,3417,blue,false,left,34,52,left,blue,521,0
77,446655,1,30,3387,blue,false,left,30,60,right,orange,1121,0
78,450315,1,91,3296,blue,false,left,91,36,right,orange,813,0
79,453664,1,70,3226,blue,false,left,70,59,right,orange,768,0
80,456968,0,0,3226,blue,true,left,64,47,right,orange,512,0
81,460013,0,0,3226,blue,false,right,28,44,right,blue,1108,0
82,463658,0,0,3226,blue,false,right,2,80,right,blue,381,0
83,466576,0,0,3226,blue,false,right,20,39,right,blue,441,0
84,469530,0,0,3226,blue,false,right,32,61,right,blue,725,0
85,472785,1,90,3136,blue,false,left,90,61,right,orange,2127,0
86,477452,1,70,3066,blue,true,right,62,70,right,blue,1092,0
87,481076,1,17,3049,blue,false,left,17,33,right,orange,789,0
88,484422,0,0,3049,blue,false,left,74,17,left,blue,1321,0
89,488273,0,0,3049,blue,false,left,2,85,left,blue,352,0
90,491161,1,39,3010,blue,false,right,39,76,left,orange,726,0
91,494411,0,0,3010,blue,false,left,70,20,left,blue,454,0
92,497401,1,69,2941,blue,true,left,24,69,left,blue,461,0
93,500401,1,52,2889,blue,true,right,59,52,right,blue,671,0
94,507611,0,0,2889,blue,false,left,15,43,left,blue,2021,0
95,512172,1,34,2855,blue,true,left,50,34,left,blue,605,0
96,515309,1,43,2812,blue,false,right,43,48,left,orange,1137,0
97,518978,1,35,2777,blue,true,left,14,35,left,blue,576,0
98,522069,1,42,2735,blue,true,right,12,42,right,blue,733,0
99,525344,1,44,2691,blue,true,right,40,44,right,blue,440,0
100,528318,0,0,2691,blue,true,left,88,50,right,orange,681,0
101,531536,0,0,2691,blue,true,left,51,19,right,orange,530,0
102,534591,0,0,2691,blue,true,left,44,59,right,orange,665,0
103,537797,1,9,2682,blue,true,right,23,9,right,blue,316,0
104,540648,1,76,2606,blue,true,right,23,76,right,blue,921,0
105,544105,0,0,2606,blue,true,right,94,47,left,orange,816,0
106,547449,1,67,2539,blue,false,left,67,56,right,orange,839,0
107,550833,0,0,2539,blue,true,right,50,16,left,orange,336,0
108,553704,0,0,2539,blue,true,right,83,7,left,orange,343,0
109,556585,0,0,2539,blue,true,right,86,41,left,orange,439,0
110,559567,0,0,2539,blue,true,right,61,37,left,orange,394,0
111,562488,0,0,2539,blue,false,left,82,57,left,blue,968,0
112,565988,1,68,2471,blue,false,right,68,28,left,orange,492,0
113,569014,1,65,2406,blue,false,left,65,76,right,orange,1041,0
114,572601,1,25,2381,blue,false,left,25,19,right,orange,479,0
115,575615,1,67,2314,blue,false,left,67,68,right,orange,457,0
116,578603,0,0,2314,blue,false,left,82,68,left,blue,957,0
117,582090,1,88,2226,blue,false,right,88,19,left,orange,1373,0
118,585997,0,0,2226,blue,true,right,55,11,left,orange,786,0
119,589332,0,0,2226,blue,true,right,74,36,left,orange,516,0
120,592389,1,18,2208,blue,false,right,18,64,left,orange,331,0
121,595257,0,0,2208,blue,false,right,15,3,right,blue,1142,0
122,598931,0,0,2208,blue,false,left,91,76,left,blue,1858,0
123,603318,1,66,2142,blue,false,right,66,92,left,orange,649,0
124,606519,1,67,2075,blue,false,left,67,14,right,orange,387,0
125,609454,0,0,2075,blue,true,left,11,77,right,orange,763,0
126,612762,0,0,2075,blue,false,right,36,20,right,blue,932,0
127,616225,1,44,2031,blue,false,left,44,61,right,orange,767,0
128,619526,0,0,2031,blue,false,right,4,34,right,blue,481,0
129,622537,0,0,2031,blue,false,right,86,63,right,blue,390,0
130,625458,0,0,2031,blue,false,right,99,43,right,blue,366,0
131,628362,1,56,1975,blue,true,left,95,56,left,blue,718,0
132,631611,1,89,1886,blue,false,left,89,63,right,orange,316,0
133,634466,1,80,1806,blue,true,right,88,80,right,blue,479,0
134,637474,1,5,1801,blue,false,left,5,10,right,orange,462,0
135,640471,0,0,1801,blue,true,left,35,80,right,orange,415,0
136,643429,0,0,1801,blue,true,left,8,57,right,orange,355,0
137,646307,0,0,1801,blue,true,left,78,47,right,orange,342,0
138,649180,0,0,1801,blue,true,right,5,99,left,orange,427,0
139,652140,0,0,1801,blue,true,right,62,67,left,orange,395,0
140,655068,1,95,1706,blue,false,left,95,27,right,orange,388,0
