Quiz_round,2,RESULT:,-,allCorrect
num_trial,optionsPresented_time,outcome,loss_amount,running_total,anchor_stim,blue_aversive,blue_side,amount_orange,amount_blue,chosen_side,chosen_color,response_time,trial_repeat_count
1,266323.6000000015,1,37,4963,blue,true,left,44,37,left,blue,3579,0
2,272422.80000000075,1,12,4951,blue,true,right,66,12,right,blue,1001,0
3,275942.69999999925,0,0,4951,blue,true,right,98,9,left,orange,1495,0
4,279964.1000000015,1,20,4931,blue,false,right,20,91,left,orange,750,0
5,283230.1000000015,0,0,4931,blue,true,left,28,8,right,orange,1504,0
6,287252.80000000075,0,0,4931,blue,true,right,30,33,left,orange,1152,0
7,290933.69999999925,0,0,4931,blue,true,left,27,24,right,orange,844,0
8,294305.5,0,0,4931,blue,false,right,58,43,right,blue,1339,0
9,298171.40000000224,0,0,4931,blue,true,left,72,47,right,orange,1640,0
10,302334.80000000075,1,44,4887,blue,false,left,44,44,right,orange,1083,0
11,305940.5,0,0,4887,blue,true,right,69,26,left,orange,1540,0
12,310010.1000000015,0,0,4887,blue,true,left,6,41,right,orange,790,0
13,313323.5,0,0,4887,blue,true,left,88,34,right,orange,1668,0
14,317515.6000000015,1,73,4814,blue,false,left,73,18,right,orange,1836,0
15,321879.6000000015,0,0,4814,blue,true,right,60,25,left,orange,1603,0
16,326009.19999999925,1,6,4808,blue,true,right,68,6,right,blue,1701,0
17,330231.30000000075,1,48,4760,blue,false,left,48,39,right,orange,2073,0
18,334828.1000000015,0,0,4760,blue,true,right,35,76,left,orange,1788,0
19,339145.5,0,0,4760,blue,true,left,23,85,right,orange,1328,0
20,342997.80000000075,0,0,4760,blue,true,left,54,22,right,orange,2939,0
21,348460.90000000224,1,66,4694,blue,false,left,66,58,right,orange,1033,0
22,352015.80000000075,0,0,4694,blue,true,left,98,41,right,orange,2128,0
23,356675.40000000224,0,0,4694,blue,true,left,58,80,right,orange,941,0
24,360140.30000000075,0,0,4694,blue,true,left,32,85,right,orange,607,0
25,363267.1000000015,0,0,4694,blue,false,right,83,15,right,blue,1024,0
26,366810,0,0,4694,blue,true,left,18,16,right,orange,1735,0
27,371061.69999999925,0,0,4694,blue,true,right,56,99,left,orange,1839,0
28,375428.6000000015,0,0,4694,blue,true,left,23,75,right,orange,1069,0
29,379016.80000000075,0,0,4694,blue,true,left,68,18,right,orange,2773,0
30,384308.5,0,0,4694,blue,true,left,30,16,right,orange,721,0
31,387556.40000000224,0,0,4694,blue,true,left,86,37,right,orange,934,0
32,391006.19999999925,0,0,4694,blue,true,left,47,44,right,orange,756,0
33,394284.30000000075,0,0,4694,blue,true,right,3,91,left,orange,977,0
34,397780.5,1,60,4634,blue,false,right,60,14,left,orange,1519,0
35,401818.90000000224,0,0,4634,blue,true,left,54,84,right,orange,814,0
36,405159.5,0,0,4634,blue,true,right,34,23,left,orange,384,0
37,408067.90000000224,0,0,4634,blue,true,left,96,28,right,orange,429,0
38,411023.40000000224,1,83,4551,blue,false,left,83,94,right,orange,1418,0
39,414966.6000000015,0,0,4551,blue,true,right,63,86,left,orange,893,0
40,418386.90000000224,0,0,4551,blue,true,left,99,53,right,orange,1375,0
41,422287.5,0,0,4551,blue,true,right,29,91,left,orange,803,0
42,425613.6000000015,0,0,4551,blue,true,left,88,64,right,orange,968,0
43,429108.80000000075,0,0,4551,blue,true,left,84,70,right,orange,1239,0
44,432868.19999999925,1,61,4490,blue,false,left,61,88,right,orange,865,0
45,436257.40000000224,0,0,4490,blue,true,right,61,43,left,orange,1080,0
46,439863.69999999925,0,0,4490,blue,true,right,87,54,left,orange,1839,0
47,444229.1000000015,1,5,4485,blue,false,left,5,90,right,orange,858,0
48,451619.90000000224,1,44,4441,blue,true,left,71,44,left,blue,2874,0
49,457014.5,0,0,4441,blue,true,left,42,52,right,orange,1200,0
50,460728.6000000015,0,0,4441,blue,true,right,39,93,left,orange,996,0
51,464242.80000000075,0,0,4441,blue,true,right,39,24,left,orange,666,0
52,467429.5,1,20,4421,blue,false,right,20,10,left,orange,606,0
53,470555.90000000224,1,85,4336,blue,false,right,85,43,left,orange,2476,0
54,475551.19999999925,0,0,4336,blue,false,left,77,7,left,blue,1348,0
55,479417.90000000224,0,0,4336,blue,true,left,95,90,right,orange,1636,0
56,483582.30000000075,1,7,4329,blue,true,left,56,7,left,blue,1441,0
57,487541.30000000075,0,0,4329,blue,true,left,50,69,right,orange,1123,0
58,491194.5,0,0,4329,blue,true,right,4,83,left,orange,1055,0
59,494769,1,40,4289,blue,false,left,40,8,right,orange,3000,0
60,500291.40000000224,0,0,4289,blue,true,left,47,86,right,orange,1388,0
61,504204.5,0,0,4289,blue,true,left,15,49,right,orange,1115,0
62,507839.80000000075,0,0,4289,blue,true,right,17,39,left,orange,1892,0
63,512250.6000000015,1,76,4213,blue,false,left,76,97,right,orange,1062,0
64,521362.90000000224,0,0,4213,blue,true,right,73,14,left,orange,2640,1
65,526529.5,0,0,4213,blue,true,right,67,29,left,orange,2142,0
66,531184.6000000015,0,0,4213,blue,true,left,48,39,right,orange,1229,0
67,534945.1999999993,0,0,4213,blue,true,left,30,99,right,orange,706,0
68,538176.4000000022,1,13,4200,blue,false,left,13,20,right,orange,568,0
69,541269.3000000007,0,0,4200,blue,true,right,66,59,left,orange,919,0
70,544703.1999999993,0,0,4200,blue,true,right,20,60,left,orange,563,0
71,547781.4000000022,0,0,4200,blue,true,left,41,25,right,orange,512,0
72,550813.4000000022,1,76,4124,blue,false,right,76,70,left,orange,951,0
73,554294.6999999993,1,73,4051,blue,false,right,73,18,left,orange,569,0
74,557390.5,1,41,4010,blue,false,left,41,80,right,orange,547,0
75,560454.4000000022,1,76,3934,blue,true,left,25,76,left,blue,871,0
76,563841.6999999993,1,34,3900,blue,false,right,34,52,left,orange,725,0
77,567089.1000000015,1,30,3870,blue,false,left,30,60,right,orange,945,0
78,570556.5,0,0,3870,blue,false,left,91,36,left,blue,628,0
79,573699.1000000015,0,0,3870,blue,false,right,70,59,right,blue,674,0
80,576899.6000000015,1,47,3823,blue,true,right,64,47,right,blue,501,0
81,579914.6000000015,0,0,3823,blue,false,right,28,44,right,blue,450,0
82,582886.6000000015,0,0,3823,blue,false,left,2,80,left,blue,880,0
83,586288.3000000007,0,0,3823,blue,false,right,20,39,right,blue,1178,0
84,589985.1999999993,0,0,3823,blue,false,right,32,61,right,blue,1020,0
85,593528.3000000007,0,0,3823,blue,false,left,90,61,left,blue,855,0
86,596900.4000000022,1,70,3753,blue,true,right,62,70,right,blue,1233,0
87,600659.8000000007,0,0,3753,blue,false,right,17,33,right,blue,735,0
88,603908.9000000022,0,0,3753,blue,false,left,74,17,left,blue,1020,0
89,607447.9000000022,1,2,3751,blue,false,left,2,85,right,orange,1068,0
90,611037.6999999993,0,0,3751,blue,false,right,39,76,right,blue,986,0
91,614537.5,0,0,3751,blue,false,right,70,20,right,blue,890,0
92,617955.8000000007,1,69,3682,blue,true,left,24,69,left,blue,1492,0
93,621962.1000000015,1,52,3630,blue,true,right,59,52,right,blue,857,0
94,629342,1,15,3615,blue,false,right,15,43,left,orange,1519,0
95,633379.1999999993,1,34,3581,blue,true,right,50,34,right,blue,962,0
96,636857.5,1,43,3538,blue,false,left,43,48,right,orange,1419,0
97,640803.5,0,0,3538,blue,true,left,14,35,right,orange,908,0
98,644223.9000000022,0,0,3538,blue,true,right,12,42,left,orange,696,0
99,647441.1000000015,0,0,3538,blue,true,right,40,44,left,orange,822,0
100,650783.5,0,0,3538,blue,true,right,88,50,left,orange,1467,0
101,654777.4000000022,1,19,3519,blue,true,left,51,19,left,blue,738,0
102,658042.1000000015,1,59,3460,blue,true,right,44,59,right,blue,861,0
103,661432.1000000015,0,0,3460,blue,true,right,23,9,left,orange,1009,0
104,664959.8000000007,0,0,3460,blue,true,left,23,76,right,orange,602,0
105,668086.1999999993,0,0,3460,blue,true,left,94,47,right,orange,1783,0
106,672386.5,1,67,3393,blue,false,left,67,56,right,orange,919,0
107,675821.4000000022,0,0,3393,blue,true,right,50,16,left,orange,1165,0
108,679505.5,1,7,3386,blue,true,right,83,7,right,blue,1237,0
109,683262,0,0,3386,blue,true,right,86,41,left,orange,1510,0
110,687300.8000000007,0,0,3386,blue,true,right,61,37,left,orange,720,0
111,690534.3000000007,1,82,3304,blue,false,left,82,57,right,orange,845,0
112,693908.3000000007,1,68,3236,blue,false,left,68,28,right,orange,844,0
113,697282.3000000007,1,65,3171,blue,false,right,65,76,left,orange,887,0
114,700702.1999999993,0,0,3171,blue,false,right,25,19,right,blue,588,0
115,703812.4000000022,0,0,3171,blue,false,left,67,68,left,blue,732,0
116,707077.9000000022,0,0,3171,blue,false,left,82,68,left,blue,684,0
117,710282.8000000007,0,0,3171,blue,false,right,88,19,right,blue,628,0
118,713424.3000000007,1,11,3160,blue,true,right,55,11,right,blue,567,0
119,716518.5,1,36,3124,blue,true,right,74,36,right,blue,860,0
120,719908,1,18,3106,blue,false,right,18,64,left,orange,812,0
121,723251.6999999993,0,0,3106,blue,false,right,15,3,right,blue,980,0
122,726746.1000000015,0,0,3106,blue,false,right,91,76,right,blue,1047,0
123,730318.4000000022,0,0,3106,blue,false,right,66,92,right,blue,1397,0
124,734230.9000000022,0,0,3106,blue,false,left,67,14,left,blue,1004,0
125,737757.4000000022,1,77,3029,blue,true,right,11,77,right,blue,1519,0
126,741796.9000000022,0,0,3029,blue,false,left,36,20,left,blue,746,0
127,745060.6999999993,0,0,3029,blue,false,right,44,61,right,blue,948,0
128,748526.6000000015,0,0,3029,blue,false,left,4,34,left,blue,1293,0
129,752335.3000000007,0,0,3029,blue,false,left,86,63,left,blue,843,0
130,755692.9000000022,0,0,3029,blue,false,left,99,43,left,blue,762,0
131,758973.1000000015,1,56,2973,blue,true,left,95,56,left,blue,838,0
132,762332.1999999993,0,0,2973,blue,false,right,89,63,right,blue,695,0
133,765549.1000000015,1,80,2893,blue,true,right,88,80,right,blue,867,0
134,768937.1000000015,0,0,2893,blue,false,right,5,10,right,blue,710,0
135,772171.1999999993,1,80,2813,blue,true,right,35,80,right,blue,1026,0
136,775716.1000000015,1,57,2756,blue,true,left,8,57,left,blue,965,0
137,779198.8000000007,0,0,2756,blue,true,left,78,47,right,orange,539,0
138,782261.1999999993,0,0,2756,blue,true,left,5,99,right,orange,633,0
139,785417,0,0,2756,blue,true,right,62,67,left,orange,723,0
140,788665.3000000007,1,95,2661,blue,false,left,95,27,right,orange,1388,0
