Quiz_round,2,RESULT:,Steal1Goodness,Incorrect
num_trial,optionsPresented_time,outcome,loss_amount,running_total,anchor_stim,blue_aversive,blue_side,amount_orange,amount_blue,chosen_side,chosen_color,response_time,trial_repeat_count
1,211584.89499999996,0,0,5000,blue,true,left,23,10,right,orange,1841,0
2,215952.22000000012,0,0,5000,blue,true,left,45,97,right,orange,680,0
3,219149.93499999947,0,0,5000,blue,true,left,54,62,right,orange,388,0
4,222053.64499999996,1,99,4901,blue,false,left,99,16,right,orange,368,0
5,224948.26000000013,0,0,4901,blue,true,left,72,40,right,orange,341,0
6,227806.48500000007,0,0,4901,blue,true,left,98,88,right,orange,315,0
7,230637.1600000002,0,0,4901,blue,true,left,6,54,right,orange,392,0
8,233544.39999999976,0,0,4901,blue,true,left,64,55,right,orange,275,0
9,236334.5449999997,0,0,4901,blue,false,right,96,45,right,blue,331,0
10,239183.2800000002,1,19,4882,blue,true,right,28,19,right,blue,603,0
11,242304.3950000001,0,0,4882,blue,true,right,95,26,left,orange,494,0
12,245313.3200000002,0,0,4882,blue,true,right,90,29,left,orange,569,0
13,248396.03999999963,0,0,4882,blue,true,right,20,53,left,orange,267,0
14,251176.91999999987,0,0,4882,blue,true,left,74,56,right,orange,375,0
15,254072.5249999996,0,0,4882,blue,true,left,18,42,right,orange,424,0
16,257011.69500000015,0,0,4882,blue,true,left,11,91,right,orange,365,0
17,259892.13000000018,1,32,4850,blue,false,left,32,31,right,orange,572,0
18,262980.0699999996,0,0,4850,blue,true,right,36,65,left,orange,636,0
19,266134.89000000025,1,40,4810,blue,false,right,40,30,left,orange,395,0
20,269048.4850000003,0,0,4810,blue,true,left,29,26,right,orange,514,0
21,272078.67999999964,1,32,4778,blue,false,left,32,36,right,orange,372,0
22,274973.47999999963,0,0,4778,blue,true,right,72,81,left,orange,810,0
23,278300.3149999995,1,95,4683,blue,false,left,95,54,right,orange,378,0
24,281197.7699999998,1,40,4643,blue,false,right,40,59,left,orange,319,0
25,284034.39999999956,1,29,4614,blue,false,left,29,24,right,orange,337,0
26,286890.6150000002,1,60,4554,blue,false,left,60,51,right,orange,364,0
27,289772.4900000003,0,0,4554,blue,false,left,83,65,left,blue,350,0
28,292637.91500000027,1,98,4456,blue,true,left,78,98,left,blue,385,0
29,295544.07999999967,0,0,4456,blue,false,left,56,51,left,blue,268,0
30,298325.8450000003,0,0,4456,blue,false,left,5,20,left,blue,412,0
31,301257.2650000002,0,0,4456,blue,false,left,67,2,left,blue,344,0
32,304115.5600000002,0,0,4456,blue,false,right,85,84,right,blue,658,0
33,307287.13999999943,1,49,4407,blue,true,left,7,49,left,blue,485,0
34,310294.355,0,0,4407,blue,false,right,37,47,right,blue,332,0
35,313140.5299999997,0,0,4407,blue,false,right,27,91,right,blue,399,0
36,316053.4799999996,0,0,4407,blue,false,right,44,42,right,blue,383,0
37,318951.9700000001,1,55,4352,blue,true,left,31,55,left,blue,1066,0
38,322547.9699999996,0,0,4352,blue,false,right,97,70,right,blue,351,0
39,325415.3749999996,0,0,4352,blue,false,right,14,9,right,blue,442,0
40,328372.9000000003,1,51,4301,blue,true,right,23,51,right,blue,306,0
41,331197.725,1,79,4222,blue,true,right,89,79,right,blue,251,0
42,333972.06999999983,1,86,4136,blue,true,right,83,86,right,blue,278,0
43,336768.9949999995,0,0,4136,blue,true,left,40,62,right,orange,438,0
44,339720.5299999996,0,0,4136,blue,true,right,36,23,left,orange,509,0
45,342743.4349999994,0,0,4136,blue,true,right,65,61,left,orange,397,0
46,345654.595,0,0,4136,blue,true,right,74,67,left,orange,419,0
47,348589.5399999999,0,0,4136,blue,true,left,73,41,right,orange,410,0
48,355520.3849999998,1,96,4040,blue,false,left,96,54,right,orange,1142,0
49,359178.24000000017,0,0,4040,blue,true,right,86,88,left,orange,352,0
50,362045.435,0,0,4040,blue,true,left,43,66,right,orange,376,0
51,364937.0349999999,0,0,4040,blue,true,left,72,79,right,orange,366,0
52,367819.44000000024,1,71,3969,blue,false,left,71,13,right,orange,410,0
53,370749.36999999953,0,0,3969,blue,true,right,78,53,left,orange,617,0
54,373881.7549999994,0,0,3969,blue,true,left,57,90,right,orange,342,0
55,376738.1800000003,1,3,3966,blue,false,right,3,12,left,orange,524,0
56,379783.24499999965,0,0,3966,blue,true,left,2,64,right,orange,333,0
57,382634.1050000001,0,0,3966,blue,true,right,99,9,left,orange,859,0
58,386007.2700000001,0,0,3966,blue,true,left,21,42,right,orange,328,0
59,388849.6100000002,0,0,3966,blue,true,left,83,72,right,orange,426,0
60,391791.5949999997,0,0,3966,blue,true,right,37,11,left,orange,417,0
61,394725.13499999966,1,67,3899,blue,false,left,67,81,right,orange,448,0
62,397693.59499999974,0,0,3899,blue,true,left,12,14,right,orange,410,0
63,400617.7349999998,1,78,3821,blue,false,right,78,90,left,orange,1051,0
64,404185.665,1,46,3775,blue,false,right,46,53,left,orange,588,0
65,407290.39999999985,1,30,3745,blue,false,left,30,42,right,orange,296,0
66,410103.0449999998,0,0,3745,blue,false,right,36,65,right,blue,403,0
67,413020.1150000003,0,0,3745,blue,false,right,49,49,right,blue,347,0
68,415882.14999999944,0,0,3745,blue,false,right,44,10,right,blue,396,0
69,418791.8950000003,1,70,3675,blue,false,left,70,64,right,orange,332,0
70,421640.47000000026,0,0,3675,blue,false,left,68,95,left,blue,399,0
71,424552.96999999974,0,0,3675,blue,false,left,38,46,left,blue,357,0
72,427425.5249999997,0,0,3675,blue,false,left,18,24,left,blue,431,0
73,430374.36999999953,0,0,3675,blue,false,right,82,78,right,blue,411,0
74,433299.1149999998,0,0,3675,blue,false,left,59,54,left,blue,1775,0
75,437588.41500000015,0,0,3675,blue,false,left,36,33,left,blue,514,0
76,440616.78000000026,1,56,3619,blue,true,right,49,56,right,blue,378,0
77,443512.31499999994,0,0,3619,blue,false,right,26,83,right,blue,563,0
78,446589.00499999983,0,0,3619,blue,false,right,38,81,right,blue,382,0
79,449483.76000000007,0,0,3619,blue,false,left,12,3,left,blue,578,0
80,452580.0499999996,0,0,3619,blue,false,right,62,38,right,blue,695,0
81,455789.9049999996,0,0,3619,blue,false,right,43,50,right,blue,545,0
82,458853.1549999998,0,0,3619,blue,false,left,50,47,left,blue,391,0
83,461758.0449999996,1,35,3584,blue,true,right,41,35,right,blue,444,0
84,464720.2099999995,0,0,3584,blue,false,left,9,62,left,blue,348,0
85,467582.49499999965,0,0,3584,blue,false,left,60,58,left,blue,504,0
86,470600.5699999996,0,0,3584,blue,false,left,88,31,left,blue,459,0
87,473574.05999999994,0,0,3584,blue,false,left,56,44,left,blue,426,0
88,476514.9449999999,1,15,3569,blue,true,right,31,15,right,blue,361,0
89,479397.65499999974,0,0,3569,blue,false,left,90,31,left,blue,302,0
90,482214.7299999997,0,0,3569,blue,false,left,80,76,left,blue,528,0
91,485255.62499999977,0,0,3569,blue,false,left,78,4,left,blue,371,0
92,488141.17999999964,0,0,3569,blue,false,right,60,28,right,blue,454,0
93,491113.3049999999,1,99,3470,blue,true,left,56,99,left,blue,416,0
94,498049.14999999985,0,0,3470,blue,false,right,31,45,right,blue,1401,0
95,501966.6900000002,0,0,3470,blue,false,right,55,16,right,blue,425,0
96,504905.4299999998,1,89,3381,blue,true,right,12,89,right,blue,389,0
97,507812.27500000026,0,0,3381,blue,false,left,49,4,left,blue,405,0
98,510733.83000000013,0,0,3381,blue,false,right,69,12,right,blue,511,0
99,513760.41999999963,1,26,3355,blue,true,left,49,26,left,blue,564,0
100,516844.25999999983,0,0,3355,blue,false,right,75,76,right,blue,584,0
101,519943.54999999993,0,0,3355,blue,false,left,22,90,left,blue,429,0
102,522887.5449999996,1,23,3332,blue,true,right,26,23,right,blue,353,0
103,525757.4100000001,0,0,3332,blue,false,right,11,68,right,blue,2197,0
104,530468.1899999996,1,82,3250,blue,true,right,71,82,right,blue,593,0
105,533578.52,0,0,3250,blue,false,right,86,95,right,blue,447,0
106,536539.2449999999,0,0,3250,blue,false,left,79,88,left,blue,540,0
107,539593.5049999998,0,0,3250,blue,false,right,75,40,right,blue,802,0
108,542909.7549999997,0,0,3250,blue,false,right,11,94,right,blue,647,0
109,546072.2450000003,1,44,3206,blue,true,right,53,44,right,blue,560,0
110,549150.5799999995,0,0,3206,blue,false,left,85,17,left,blue,655,0
111,552319.09,1,32,3174,blue,true,right,85,32,right,blue,394,0
112,555229.8549999996,0,0,3174,blue,false,left,38,68,left,blue,703,0
113,558447.6800000002,0,0,3174,blue,false,right,28,93,right,blue,1321,0
114,562285.0799999996,0,0,3174,blue,false,left,13,95,left,blue,444,0
115,565244.2549999997,0,0,3174,blue,false,right,69,60,right,blue,631,0
116,568388.2800000001,1,95,3079,blue,true,left,56,95,left,blue,584,0
117,571496.1299999995,0,0,3079,blue,false,left,2,41,left,blue,614,0
118,574623.4349999995,0,0,3079,blue,false,right,42,5,right,blue,465,0
119,577603.2850000001,0,0,3079,blue,false,right,44,30,right,blue,636,0
120,580753.6549999996,0,0,3079,blue,false,left,79,4,left,blue,534,0
121,583801.3049999999,0,0,3079,blue,false,right,83,87,right,blue,378,0
122,586696.0950000002,0,0,3079,blue,false,right,59,44,right,blue,389,0
123,589600.3499999997,1,10,3069,blue,true,right,15,10,right,blue,433,0
124,592550.9000000001,1,60,3009,blue,false,left,60,15,right,orange,363,0
125,595433.6400000002,0,0,3009,blue,false,left,73,25,left,blue,332,0
126,598279.2749999999,0,0,3009,blue,false,left,43,23,left,blue,639,0
127,601435.375,0,0,3009,blue,false,left,22,87,left,blue,363,0
128,604316.5899999995,1,77,2932,blue,true,right,27,77,right,blue,472,0
129,607309.4599999995,0,0,2932,blue,false,right,99,35,right,blue,424,0
130,610246.6050000002,1,39,2893,blue,true,right,49,39,right,blue,629,0
131,613394.3449999997,0,0,2893,blue,false,right,83,60,right,blue,1386,0
132,617296.5549999999,1,54,2839,blue,true,left,61,54,left,blue,596,0
133,620409.6149999995,1,82,2757,blue,false,left,82,34,right,orange,1514,0
134,624441.7949999997,1,96,2661,blue,false,right,96,86,left,orange,549,0
135,627509.9650000002,0,0,2661,blue,false,right,65,27,right,blue,449,0
136,630472.745,0,0,2661,blue,false,right,63,93,right,blue,431,0
137,633419.1000000001,0,0,2661,blue,false,left,65,40,left,blue,544,0
138,636480.16,0,0,2661,blue,false,left,7,69,left,blue,462,0
139,639456.8049999998,1,28,2633,blue,true,left,94,28,left,blue,597,0
140,642572.115,0,0,2633,blue,false,right,90,4,right,blue,409,0
