Quiz_round,2,RESULT:,Steal1Goodness,Incorrect
num_trial,optionsPresented_time,outcome,loss_amount,running_total,anchor_stim,blue_aversive,blue_side,amount_orange,amount_blue,chosen_side,chosen_color,response_time,trial_repeat_count
1,417839.6049999865,1,37,4963,blue,true,left,44,37,left,blue,2119,0
2,422520.68499999586,1,12,4951,blue,true,left,66,12,left,blue,3700,0
3,428753.55499994475,0,0,4951,blue,true,left,98,9,right,orange,1353,0
4,432656.6149999853,1,20,4931,blue,false,right,20,91,left,orange,1799,0
5,437008.4599999245,0,0,4931,blue,true,right,28,8,left,orange,2011,0
6,441555.3499999223,0,0,4931,blue,true,right,30,33,left,orange,3180,0
7,447287.2249999782,0,0,4931,blue,true,right,27,24,left,orange,1339,0
8,451169.69999996945,1,58,4873,blue,false,left,58,43,right,orange,925,0
9,454654.9549999181,1,47,4826,blue,true,right,72,47,right,blue,1661,0
10,458866.0899999086,1,44,4782,blue,false,right,44,44,left,orange,1035,0
11,462450.354999979,0,0,4782,blue,true,right,69,26,left,orange,926,0
12,465930.9099999955,0,0,4782,blue,true,left,6,41,right,orange,2478,0
13,470947.38499994855,1,34,4748,blue,true,left,88,34,left,blue,1811,0
14,475305.534999934,1,73,4675,blue,false,right,73,18,left,orange,1481,0
15,479319.9199999217,0,0,4675,blue,true,left,60,25,right,orange,1333,0
16,483193.05499992333,0,0,4675,blue,true,left,68,6,right,orange,1097,0
17,486841.7249999475,1,48,4627,blue,false,right,48,39,left,orange,1269,0
18,490650.03499994054,1,76,4551,blue,true,right,35,76,right,blue,3969,0
19,497158.3999999566,1,85,4466,blue,true,left,23,85,left,blue,994,0
20,500705.04999998957,0,0,4466,blue,true,right,54,22,left,orange,1220,0
21,504466.4599999087,1,66,4400,blue,false,right,66,58,left,orange,1193,0
22,508219.744999893,1,41,4359,blue,true,left,98,41,left,blue,2097,0
23,512868.18499991205,1,80,4279,blue,true,right,58,80,right,blue,2417,0
24,517818.5999999987,0,0,4279,blue,true,right,32,85,left,orange,1354,0
25,521716.49499994237,0,0,4279,blue,false,left,83,15,left,blue,1267,0
26,525516.9599999208,0,0,4279,blue,true,right,18,16,left,orange,1513,0
27,529584.0199999511,1,99,4180,blue,true,left,56,99,left,blue,1662,0
28,533803.4399999306,1,75,4105,blue,true,right,23,75,right,blue,1066,0
29,537429.0499999188,0,0,4105,blue,true,left,68,18,right,orange,1583,0
30,541561.0349999042,0,0,4105,blue,true,right,30,16,left,orange,1641,0
31,545743.504999904,0,0,4105,blue,true,left,86,37,right,orange,1463,0
32,549743.3949999977,0,0,4105,blue,true,left,47,44,right,orange,1084,0
33,553374.3999999715,0,0,4105,blue,true,right,3,91,left,orange,1539,0
34,557457.5699999696,1,60,4045,blue,false,right,60,14,left,orange,1726,0
35,561739.4699999131,0,0,4045,blue,true,left,54,84,right,orange,927,0
36,565221.9849999528,0,0,4045,blue,true,left,34,23,right,orange,839,0
37,568604.4099999126,0,0,4045,blue,true,left,96,28,right,orange,911,0
38,572069.6799999569,1,83,3962,blue,false,left,83,94,right,orange,731,0
39,575351.9999999553,0,0,3962,blue,true,left,63,86,right,orange,1509,0
40,579397.959999973,0,0,3962,blue,true,right,99,53,left,orange,1503,0
41,583446.4949999237,0,0,3962,blue,true,right,29,91,left,orange,1928,0
42,587917.1949999873,0,0,3962,blue,true,left,88,64,right,orange,3090,0
43,593547.3649998894,0,0,3962,blue,true,left,84,70,right,orange,2249,0
44,598346.7099999543,1,61,3901,blue,false,left,61,88,right,orange,1472,0
45,602366.4499999722,0,0,3901,blue,true,left,61,43,right,orange,790,0
46,605695.2999999048,0,0,3901,blue,true,left,87,54,right,orange,1843,0
47,610075.3299999051,1,5,3896,blue,false,left,5,90,right,orange,1680,0
48,618306.9849999156,1,44,3852,blue,true,left,71,44,left,blue,2295,0
49,623173.0199999874,0,0,3852,blue,true,left,42,52,right,orange,1142,0
50,626856.5599999856,0,0,3852,blue,true,right,39,93,left,orange,1090,0
51,630488.4599999059,0,0,3852,blue,true,left,39,24,right,orange,1261,0
52,634303.4399999306,1,20,3832,blue,false,right,20,10,left,orange,1464,0
53,638322.0649999566,1,85,3747,blue,false,left,85,43,right,orange,538,0
54,641398.6999999033,1,77,3670,blue,false,right,77,7,left,orange,1107,0
55,645050.4849998979,0,0,3670,blue,true,right,95,90,left,orange,1204,0
56,648801.3899999205,0,0,3670,blue,true,right,56,7,left,orange,819,0
57,652168.9449999249,0,0,3670,blue,true,right,50,69,left,orange,1044,0
58,655757.6049999334,0,0,3670,blue,true,right,4,83,left,orange,1205,0
59,659497.629999998,1,40,3630,blue,false,right,40,8,left,orange,1239,0
60,663296.9349999912,0,0,3630,blue,true,right,47,86,left,orange,1079,0
61,666911.6399999475,0,0,3630,blue,true,left,15,49,right,orange,907,0
62,670351.3749999693,0,0,3630,blue,true,right,17,39,left,orange,877,0
63,673776.8599999836,1,76,3554,blue,false,left,76,97,right,orange,1781,0
64,678109.524999978,0,0,3554,blue,true,left,73,14,right,orange,1098,0
65,681741.5199999232,0,0,3554,blue,true,right,67,29,left,orange,982,0
66,685269.5299999323,0,0,3554,blue,true,right,48,39,left,orange,1289,0
67,689106.4999999944,0,0,3554,blue,true,left,30,99,right,orange,998,0
68,692656.544999918,1,13,3541,blue,false,left,13,20,right,orange,1287,0
69,696487.7099998994,0,0,3541,blue,true,left,66,59,right,orange,1779,0
70,700803.809999954,0,0,3541,blue,true,left,20,60,right,orange,697,0
71,704036.139999982,0,0,3541,blue,true,left,41,25,right,orange,2671,0
72,709250.6549999816,1,76,3465,blue,false,left,76,70,right,orange,957,0
73,712766.4349999977,0,0,3465,blue,false,left,73,18,left,blue,1981,0
74,717298.2649999904,1,41,3424,blue,false,left,41,80,right,orange,2832,0
75,722683.8449999923,0,0,3424,blue,true,left,25,76,right,orange,1005,0
76,726229.3150000041,1,34,3390,blue,false,right,34,52,left,orange,1511,0
77,730284.8449999001,1,30,3360,blue,false,right,30,60,left,orange,510,0
78,733326.9799998961,1,91,3269,blue,false,left,91,36,right,orange,607,0
79,736473.1049999828,1,70,3199,blue,false,right,70,59,left,orange,539,0
80,739562.9349999363,0,0,3199,blue,true,left,64,47,right,orange,643,0
81,742741.9249999803,1,28,3171,blue,false,left,28,44,right,orange,559,0
82,745844.8399999179,1,2,3169,blue,false,left,2,80,right,orange,1158,0
83,749540.3499999084,1,20,3149,blue,false,left,20,39,right,orange,810,0
84,752909.8299999023,1,32,3117,blue,false,left,32,61,right,orange,666,0
85,756121.6149999527,1,90,3027,blue,false,left,90,61,right,orange,923,0
86,759588.604999939,0,0,3027,blue,true,left,62,70,right,orange,1004,0
87,763136.7449999088,1,17,3010,blue,false,right,17,33,left,orange,974,0
88,766656.8549999502,1,74,2936,blue,false,left,74,17,right,orange,738,0
89,769934.2599998927,1,2,2934,blue,false,right,2,85,left,orange,1002,0
90,773487.3949999455,0,0,2934,blue,false,right,39,76,right,blue,1819,0
91,777852.4549999274,0,0,2934,blue,false,right,70,20,right,blue,989,0
92,781381.7099999869,1,69,2865,blue,true,right,24,69,right,blue,713,0
93,784649.3449999252,0,0,2865,blue,true,right,59,52,left,orange,1028,0
94,792218.824999989,0,0,2865,blue,false,left,15,43,left,blue,1875,0
95,796628.1599999638,0,0,2865,blue,true,left,50,34,right,orange,1374,0
96,800544.3849998992,0,0,2865,blue,false,right,43,48,right,blue,1202,0
97,804292.1449999558,1,35,2830,blue,true,left,14,35,left,blue,952,0
98,807808.5199999623,1,42,2788,blue,true,left,12,42,left,blue,2100,0
99,812460.9399999026,0,0,2788,blue,true,right,40,44,left,orange,1941,0
100,816941.0699999426,0,0,2788,blue,true,right,88,50,left,orange,1824,0
101,821305.5249999743,0,0,2788,blue,true,left,51,19,right,orange,1530,0
102,825371.5949999169,0,0,2788,blue,true,right,44,59,left,orange,1579,0
103,829503.1849999214,0,0,2788,blue,true,right,23,9,left,orange,1480,0
104,833537.9799999064,0,0,2788,blue,true,left,23,76,right,orange,1146,0
105,837234.7149999114,0,0,2788,blue,true,left,94,47,right,orange,1082,0
106,840867.585,1,67,2721,blue,false,left,67,56,right,orange,779,0
107,844192.8199999966,0,0,2721,blue,true,left,50,16,right,orange,873,0
108,847616.5049999254,0,0,2721,blue,true,left,83,7,right,orange,739,0
109,850899.2449999787,0,0,2721,blue,true,left,86,41,right,orange,642,0
110,854079.6749999281,0,0,2721,blue,true,left,61,37,right,orange,792,0
111,857410.5799999088,1,82,2639,blue,false,right,82,57,left,orange,994,0
112,860945.234999992,1,68,2571,blue,false,left,68,28,right,orange,986,0
113,864478.3349999925,1,65,2506,blue,false,left,65,76,right,orange,920,0
114,867942.9099999834,0,0,2506,blue,false,left,25,19,left,blue,1754,0
115,872241.8199999956,1,67,2439,blue,false,right,67,68,left,orange,2581,0
116,877373.5599999782,1,82,2357,blue,false,left,82,68,right,orange,993,0
117,880903.1749999849,1,88,2269,blue,false,right,88,19,left,orange,938,0
118,884397.6549999788,0,0,2269,blue,true,left,55,11,right,orange,1175,0
119,888121.1349999066,0,0,2269,blue,true,left,74,36,right,orange,688,0
120,891353.6249999888,1,18,2251,blue,false,left,18,64,right,orange,921,0
121,894820.4999999143,0,0,2251,blue,false,right,15,3,right,blue,1817,0
122,899185.3249999695,1,91,2160,blue,false,right,91,76,left,orange,1748,0
123,903485.6750000035,1,66,2094,blue,false,right,66,92,left,orange,2163,0
124,908200.504999957,1,67,2027,blue,false,left,67,14,right,orange,710,0
125,911448.3349999646,0,0,2027,blue,true,right,11,77,left,orange,929,0
126,914909.8999999696,1,36,1991,blue,false,right,36,20,left,orange,887,0
127,918353.3649999881,1,44,1947,blue,false,left,44,61,right,orange,880,0
128,921781.2599999597,1,4,1943,blue,false,right,4,34,left,orange,1076,0
129,925411.9999998948,1,86,1857,blue,false,left,86,63,right,orange,785,0
130,928745.0749999844,1,99,1758,blue,false,right,99,43,left,orange,1215,0
131,932505.1349999849,0,0,1758,blue,true,right,95,56,left,orange,731,0
132,935773.8050000044,1,89,1669,blue,false,left,89,63,right,orange,3197,0
133,941523.3949999092,0,0,1669,blue,true,right,88,80,left,orange,616,0
134,944693.4949998977,1,5,1664,blue,false,left,5,10,right,orange,1784,0
135,949022.459999891,0,0,1664,blue,true,right,35,80,left,orange,974,0
136,952538.1199999247,0,0,1664,blue,true,right,8,57,left,orange,1388,0
137,956466.5749999695,0,0,1664,blue,true,right,78,47,left,orange,1322,0
138,960336.1549999099,0,0,1664,blue,true,left,5,99,right,orange,1017,0
139,963901.8399999477,0,0,1664,blue,true,right,62,67,left,orange,807,0
140,967250.5349999992,1,95,1569,blue,false,right,95,27,left,orange,1768,0
