Quiz_round,2,RESULT:,-,allCorrect
num_trial,optionsPresented_time,outcome,loss_amount,running_total,anchor_stim,blue_aversive,blue_side,amount_orange,amount_blue,chosen_side,chosen_color,response_time,trial_repeat_count
1,245367.00000000003,1,10,4990,blue,true,right,23,10,right,blue,1719,0
2,249618,0,0,4990,blue,true,right,45,97,left,orange,2478,0
3,254614,0,0,4990,blue,true,right,54,62,left,orange,1271,0
4,258405.00000000003,0,0,4990,blue,false,right,99,16,right,blue,1552,0
5,262476,1,40,4950,blue,true,right,72,40,right,blue,1699,0
6,266700,0,0,4950,blue,true,left,98,88,right,orange,2951,0
7,272170,0,0,4950,blue,true,left,6,54,right,orange,1605,0
8,276293,0,0,4950,blue,true,right,64,55,left,orange,2255,0
9,281069,0,0,4950,blue,false,right,96,45,right,blue,1674,0
10,285260,0,0,4950,blue,true,right,28,19,left,orange,2401,0
11,290175,1,26,4924,blue,true,left,95,26,left,blue,1729,0
12,294424,1,29,4895,blue,true,right,90,29,right,blue,2259,0
13,299203.00000000006,0,0,4895,blue,true,right,20,53,left,orange,3434,0
14,310669,0,0,4895,blue,true,right,74,56,left,orange,2201,1
15,315389,0,0,4895,blue,true,right,18,42,left,orange,1399,0
16,319304.00000000006,0,0,4895,blue,true,right,11,91,left,orange,922,0
17,322743,1,32,4863,blue,false,left,32,31,right,orange,813,0
18,326080,0,0,4863,blue,true,left,36,65,right,orange,1518,0
19,330114.00000000006,1,40,4823,blue,false,right,40,30,left,orange,1184,0
20,333825,0,0,4823,blue,true,left,29,26,right,orange,1537,0
21,337884,1,32,4791,blue,false,right,32,36,left,orange,1255,0
22,341663,0,0,4791,blue,true,right,72,81,left,orange,1391,0
23,345570,0,0,4791,blue,false,right,95,54,right,blue,1239,0
24,349327,1,40,4751,blue,false,right,40,59,left,orange,1527,0
25,353377,1,29,4722,blue,false,right,29,24,left,orange,1706,0
26,357607,1,60,4662,blue,false,left,60,51,right,orange,2682,0
27,362808,0,0,4662,blue,false,left,83,65,left,blue,1046,0
28,366370,0,0,4662,blue,true,right,78,98,left,orange,1703,0
29,370590.00000000006,1,56,4606,blue,false,right,56,51,left,orange,1289,0
30,374400.00000000006,1,5,4601,blue,false,right,5,20,left,orange,2043,0
31,378965.00000000006,0,0,4601,blue,false,left,67,2,left,blue,2358,0
32,383844,1,85,4516,blue,false,right,85,84,left,orange,1595,0
33,387960.00000000006,0,0,4516,blue,true,left,7,49,right,orange,2988,0
34,393522,1,37,4479,blue,false,left,37,47,right,orange,1214,0
35,397256,1,27,4452,blue,false,right,27,91,left,orange,2420,0
36,402197,1,44,4408,blue,false,left,44,42,right,orange,2112,0
37,406829,1,55,4353,blue,true,left,31,55,left,blue,1355,0
38,410706,0,0,4353,blue,false,left,97,70,left,blue,2820,0
39,416047,1,14,4339,blue,false,left,14,9,right,orange,2559,0
40,421134,1,51,4288,blue,true,right,23,51,right,blue,775,0
41,424431,0,0,4288,blue,true,left,89,79,right,orange,1911,0
42,428859.00000000006,0,0,4288,blue,true,left,83,86,right,orange,1342,0
43,432715.00000000006,0,0,4288,blue,true,left,40,62,right,orange,1406,0
44,436637,0,0,4288,blue,true,right,36,23,left,orange,1932,0
45,441087,0,0,4288,blue,true,right,65,61,left,orange,973,0
46,444577,0,0,4288,blue,true,left,74,67,right,orange,1921,0
47,449013.00000000006,0,0,4288,blue,true,left,73,41,right,orange,1726,0
48,457258,1,96,4192,blue,false,left,96,54,right,orange,2059,0
49,461839,0,0,4192,blue,true,left,86,88,right,orange,1373,0
50,465725,0,0,4192,blue,true,left,43,66,right,orange,1589,0
51,469830,0,0,4192,blue,true,right,72,79,left,orange,1256,0
52,473608,0,0,4192,blue,false,left,71,13,left,blue,1477,0
53,477607,0,0,4192,blue,true,right,78,53,left,orange,1988,0
54,482112,0,0,4192,blue,true,left,57,90,right,orange,1389,0
55,486018,1,3,4189,blue,false,right,3,12,left,orange,1283,0
56,489826,0,0,4189,blue,true,left,2,64,right,orange,1372,0
57,493716,1,9,4180,blue,true,left,99,9,left,blue,1336,0
58,497572,0,0,4180,blue,true,left,21,42,right,orange,1814,0
59,501904,0,0,4180,blue,true,right,83,72,left,orange,2395,0
60,506818,1,11,4169,blue,true,right,37,11,right,blue,1451,0
61,510801,1,67,4102,blue,false,right,67,81,left,orange,2198,0
62,515520.99999999994,0,0,4102,blue,true,right,12,14,left,orange,3797,0
63,521836,1,78,4024,blue,false,right,78,90,left,orange,1248,0
64,525604,1,46,3978,blue,false,right,46,53,left,orange,2359,0
65,530484,0,0,3978,blue,false,right,30,42,right,blue,1668,0
66,534669,1,36,3942,blue,false,right,36,65,left,orange,1278,0
67,538468,0,0,3942,blue,false,left,49,49,left,blue,747,0
68,541734,0,0,3942,blue,false,left,44,10,left,blue,788,0
69,545046,0,0,3942,blue,false,right,70,64,right,blue,1033,0
70,548600,0,0,3942,blue,false,left,68,95,left,blue,1559,0
71,552676,0,0,3942,blue,false,right,38,46,right,blue,957,0
72,556157,0,0,3942,blue,false,right,18,24,right,blue,733,0
73,559412,0,0,3942,blue,false,left,82,78,left,blue,791,0
74,562723,0,0,3942,blue,false,right,59,54,right,blue,574,0
75,565816,0,0,3942,blue,false,left,36,33,left,blue,446,0
76,568785,1,56,3886,blue,true,left,49,56,left,blue,467,0
77,571774,1,26,3860,blue,false,left,26,83,right,orange,596,0
78,574889,1,38,3822,blue,false,right,38,81,left,orange,1283,0
79,578695,0,0,3822,blue,false,right,12,3,right,blue,762,0
80,581976,0,0,3822,blue,false,right,62,38,right,blue,885,0
81,585378,0,0,3822,blue,false,right,43,50,right,blue,922,0
82,588817,0,0,3822,blue,false,right,50,47,right,blue,696,0
83,592029,1,35,3787,blue,true,right,41,35,right,blue,930,0
84,595487,1,9,3778,blue,false,left,9,62,right,orange,1111,0
85,599123,1,60,3718,blue,false,left,60,58,right,orange,1093,0
86,602741,0,0,3718,blue,false,right,88,31,right,blue,2012,0
87,607272,0,0,3718,blue,false,left,56,44,left,blue,868,0
88,610660,1,15,3703,blue,true,left,31,15,left,blue,581,0
89,613762,0,0,3703,blue,false,left,90,31,left,blue,1011,0
90,617289,0,0,3703,blue,false,left,80,76,left,blue,1299,0
91,621105,0,0,3703,blue,false,left,78,4,left,blue,825,0
92,624449.0000000001,0,0,3703,blue,false,right,60,28,right,blue,1129,0
93,628096,0,0,3703,blue,true,left,56,99,right,orange,965,0
94,635593,1,31,3672,blue,false,right,31,45,left,orange,1523,0
95,639641,0,0,3672,blue,false,right,55,16,right,blue,592,0
96,642752.0000000001,0,0,3672,blue,true,right,12,89,left,orange,940,0
97,646212,0,0,3672,blue,false,right,49,4,right,blue,879,0
98,649608.0000000001,0,0,3672,blue,false,left,69,12,left,blue,1149,0
99,653276.0000000001,1,26,3646,blue,true,right,49,26,right,blue,908,0
100,656710,1,75,3571,blue,false,left,75,76,right,orange,1553,0
101,660792,1,22,3549,blue,false,right,22,90,left,orange,892,0
102,664203,1,23,3526,blue,true,right,26,23,right,blue,791,0
103,667519,0,0,3526,blue,false,left,11,68,left,blue,1710,0
104,671745,1,82,3444,blue,true,left,71,82,left,blue,689,0
105,674955,0,0,3444,blue,false,left,86,95,left,blue,2596,0
106,680073,0,0,3444,blue,false,left,79,88,left,blue,1042,0
107,683635,0,0,3444,blue,false,left,75,40,left,blue,484,0
108,686636,0,0,3444,blue,false,right,11,94,right,blue,956,0
109,690112,1,44,3400,blue,true,left,53,44,left,blue,696,0
110,693334.0000000001,0,0,3400,blue,false,left,85,17,left,blue,1079,0
111,696935.0000000001,1,32,3368,blue,true,left,85,32,left,blue,517,0
112,699973.0000000001,0,0,3368,blue,false,left,38,68,left,blue,588,0
113,703078,1,28,3340,blue,false,left,28,93,right,orange,1424,0
114,707030,1,13,3327,blue,false,left,13,95,right,orange,823,0
115,710374,0,0,3327,blue,false,left,69,60,left,blue,1255,0
116,714148,1,95,3232,blue,true,right,56,95,right,blue,1239,0
117,717909,1,2,3230,blue,false,right,2,41,left,orange,1574,0
118,722003,0,0,3230,blue,false,right,42,5,right,blue,1324,0
119,725845,0,0,3230,blue,false,left,44,30,left,blue,616,0
120,728977,0,0,3230,blue,false,left,79,4,left,blue,1022,0
121,732518,0,0,3230,blue,false,right,83,87,right,blue,469,0
122,735505,0,0,3230,blue,false,left,59,44,left,blue,628,0
123,738649,1,10,3220,blue,true,left,15,10,left,blue,664,0
124,741840,0,0,3220,blue,false,right,60,15,right,blue,1028,0
125,745386,0,0,3220,blue,false,right,73,25,right,blue,878,0
126,748785,0,0,3220,blue,false,left,43,23,left,blue,607,0
127,751914,0,0,3220,blue,false,left,22,87,left,blue,417,0
128,754849,1,77,3143,blue,true,left,27,77,left,blue,594,0
129,757963,0,0,3143,blue,false,right,99,35,right,blue,568,0
130,761049,1,39,3104,blue,true,left,49,39,left,blue,818,0
131,764389,0,0,3104,blue,false,left,83,60,left,blue,772,0
132,767681,1,54,3050,blue,true,right,61,54,right,blue,621,0
133,770822,0,0,3050,blue,false,left,82,34,left,blue,669,0
134,774009,0,0,3050,blue,false,left,96,86,left,blue,1540,0
135,778065,0,0,3050,blue,false,right,65,27,right,blue,963,0
136,781545.0000000001,0,0,3050,blue,false,right,63,93,right,blue,691,0
137,784752.0000000001,0,0,3050,blue,false,left,65,40,left,blue,877,0
138,788153,0,0,3050,blue,false,right,7,69,right,blue,1086,0
139,791756,1,28,3022,blue,true,left,94,28,left,blue,945,0
140,795218,0,0,3022,blue,false,left,90,4,left,blue,1897,0
