Quiz_round,2,RESULT:,-,allCorrect
num_trial,optionsPresented_time,outcome,loss_amount,running_total,anchor_stim,blue_aversive,blue_side,amount_orange,amount_blue,chosen_side,chosen_color,response_time,trial_repeat_count
1,219213.63000001293,0,0,5000,blue,true,right,44,37,left,orange,1551,0
2,223280.92000001925,1,12,4988,blue,true,right,66,12,right,blue,1883,0
3,227686.53500001528,0,0,4988,blue,true,left,98,9,right,orange,1116,0
4,231323.44500001636,1,20,4968,blue,false,right,20,91,left,orange,895,0
5,234743.27999999514,0,0,4968,blue,true,left,28,8,right,orange,1140,0
6,238401.70000001672,0,0,4968,blue,true,right,30,33,left,orange,882,0
7,241801.77000002004,0,0,4968,blue,true,right,27,24,left,orange,1337,0
8,245658.1250000163,1,58,4910,blue,false,right,58,43,left,orange,832,0
9,249017.01999999932,0,0,4910,blue,true,right,72,47,left,orange,1754,0
10,253288.50500000408,1,44,4866,blue,false,right,44,44,left,orange,938,0
11,256752.21500001498,1,26,4840,blue,true,right,69,26,right,blue,1492,0
12,260765.84999999614,0,0,4840,blue,true,left,6,41,right,orange,1581,0
13,264863.5500000091,0,0,4840,blue,true,right,88,34,left,orange,1260,0
14,268642.85999999265,1,73,4767,blue,false,left,73,18,right,orange,1993,0
15,273160.88500001933,0,0,4767,blue,true,right,60,25,left,orange,1219,0
16,276898.1400000048,0,0,4767,blue,true,right,68,6,left,orange,1224,0
17,280643.06000000215,1,48,4719,blue,false,right,48,39,left,orange,1303,0
18,284470.3950000112,0,0,4719,blue,true,right,35,76,left,orange,916,0
19,287904.2400000035,0,0,4719,blue,true,right,23,85,left,orange,1075,0
20,291497.4999999977,1,22,4697,blue,true,left,54,22,left,blue,1531,0
21,295550.53999999654,1,66,4631,blue,false,left,66,58,right,orange,651,0
22,298725.0449999992,1,41,4590,blue,true,right,98,41,right,blue,2117,0
23,303363.9050000056,0,0,4590,blue,true,left,58,80,right,orange,903,0
24,306787.2999999963,0,0,4590,blue,true,right,32,85,left,orange,872,0
25,310181.0899999982,0,0,4590,blue,false,right,83,15,right,blue,1358,0
26,314063.13500000397,0,0,4590,blue,true,left,18,16,right,orange,1301,0
27,317883.85499999276,0,0,4590,blue,true,right,56,99,left,orange,983,0
28,321382.9400000104,0,0,4590,blue,true,right,23,75,left,orange,1260,0
29,325156.9750000199,0,0,4590,blue,true,right,68,18,left,orange,798,0
30,328475.31999999774,0,0,4590,blue,true,left,30,16,right,orange,1015,0
31,332009.07500000903,0,0,4590,blue,true,left,86,37,right,orange,1042,0
32,335570.60500001535,0,0,4590,blue,true,left,47,44,right,orange,929,0
33,339016.6100000206,0,0,4590,blue,true,right,3,91,left,orange,1089,0
34,342627.69500000286,1,60,4530,blue,false,right,60,14,left,orange,631,0
35,345774.0749999939,0,0,4530,blue,true,left,54,84,right,orange,1070,0
36,349362.93000000296,0,0,4530,blue,true,left,34,23,right,orange,551,0
37,352434.12499999977,1,28,4502,blue,true,right,96,28,right,blue,1194,0
38,356151.65000001434,1,83,4419,blue,false,left,83,94,right,orange,883,0
39,359557.7550000162,0,0,4419,blue,true,right,63,86,left,orange,831,0
40,362902.8050000197,0,0,4419,blue,true,left,99,53,right,orange,1533,0
41,366955.5350000155,0,0,4419,blue,true,right,29,91,left,orange,1144,0
42,370620.8050000132,0,0,4419,blue,true,left,88,64,right,orange,916,0
43,374058.48000000697,0,0,4419,blue,true,right,84,70,left,orange,496,0
44,377068.7800000014,1,61,4358,blue,false,right,61,88,left,orange,820,0
45,380410.8750000014,0,0,4358,blue,true,left,61,43,right,orange,1152,0
46,384083.5150000057,0,0,4358,blue,true,right,87,54,left,orange,1807,0
47,388408.4450000082,1,5,4353,blue,false,left,5,90,right,orange,1043,0
48,395977.40500001237,0,0,4353,blue,true,right,71,44,left,orange,1090,0
49,399585.8200000075,0,0,4353,blue,true,left,42,52,right,orange,922,0
50,403023.34499999415,0,0,4353,blue,true,left,39,93,right,orange,995,0
51,406533.8300000003,0,0,4353,blue,true,left,39,24,right,orange,798,0
52,409852.9350000026,1,20,4333,blue,false,left,20,10,right,orange,902,0
53,413275.1949999947,0,0,4333,blue,false,right,85,43,right,blue,1416,0
54,417210.8799999987,0,0,4333,blue,false,left,77,7,left,blue,1456,0
55,421184.0000000084,1,90,4243,blue,true,left,95,90,left,blue,1834,0
56,425541.14000001573,1,7,4236,blue,true,left,56,7,left,blue,765,0
57,428829.8450000002,0,0,4236,blue,true,right,50,69,left,orange,1582,0
58,432925.64500001026,0,0,4236,blue,true,right,4,83,left,orange,638,0
59,436086.2800000177,1,40,4196,blue,false,right,40,8,left,orange,1398,0
60,440004.6049999946,1,86,4110,blue,true,left,47,86,left,blue,1438,0
61,443962.02999999514,0,0,4110,blue,true,right,15,49,left,orange,1057,0
62,447535.23999999743,0,0,4110,blue,true,left,17,39,right,orange,731,0
63,450782.93000001577,1,76,4034,blue,false,right,76,97,left,orange,820,0
64,454125.00500000897,1,14,4020,blue,true,left,73,14,left,blue,1285,0
65,457931.58999999287,0,0,4020,blue,true,left,67,29,right,orange,800,0
66,461251.3200000103,0,0,4020,blue,true,right,48,39,left,orange,1032,0
67,464802.17000000994,0,0,4020,blue,true,right,30,99,left,orange,1025,0
68,468347.700000013,1,13,4007,blue,false,right,13,20,left,orange,623,0
69,471490.89499999536,0,0,4007,blue,true,right,66,59,left,orange,921,0
70,474931.88499999815,0,0,4007,blue,true,right,20,60,left,orange,711,0
71,478157.54499999457,0,0,4007,blue,true,right,41,25,left,orange,677,0
72,481354.4150000089,1,76,3931,blue,false,right,76,70,left,orange,1273,0
73,485152.22000001813,1,73,3858,blue,false,left,73,18,right,orange,1163,0
74,488842.13000000454,1,41,3817,blue,false,right,41,80,left,orange,1033,0
75,492394.3250000011,1,76,3741,blue,true,right,25,76,right,blue,961,0
76,495877.3349999974,0,0,3741,blue,false,right,34,52,right,blue,1589,0
77,499986.38000001665,0,0,3741,blue,false,left,30,60,left,blue,1289,0
78,503795.61500001,0,0,3741,blue,false,right,91,36,right,blue,1040,0
79,507351.61000001244,0,0,3741,blue,false,left,70,59,left,blue,860,0
80,510725.49000001163,1,47,3694,blue,true,left,64,47,left,blue,724,0
81,513974.7000000207,0,0,3694,blue,false,left,28,44,left,blue,796,0
82,517288.51000001305,1,2,3692,blue,false,left,2,80,right,orange,1027,0
83,520835.1299999922,1,20,3672,blue,false,right,20,39,left,orange,1200,0
84,524552.9899999965,0,0,3672,blue,false,right,32,61,right,blue,1138,0
85,528210.3800000041,0,0,3672,blue,false,right,90,61,right,blue,1321,0
86,532046.1099999957,1,70,3602,blue,true,right,62,70,right,blue,565,0
87,535130.7399999932,0,0,3602,blue,false,right,17,33,right,blue,760,0
88,538412.9200000025,0,0,3602,blue,false,left,74,17,left,blue,854,0
89,541786.8949999975,0,0,3602,blue,false,right,2,85,right,blue,1400,0
90,545706.36500002,0,0,3602,blue,false,left,39,76,left,blue,1136,0
91,549355.1199999929,0,0,3602,blue,false,left,70,20,left,blue,968,0
92,552841.775000008,0,0,3602,blue,true,left,24,69,right,orange,1114,0
93,556475.7899999968,0,0,3602,blue,true,right,59,52,left,orange,1647,0
94,564642.7299999923,0,0,3602,blue,false,left,15,43,left,blue,1376,0
95,568538.0100000184,1,34,3568,blue,true,left,50,34,left,blue,665,0
96,571728.8650000119,0,0,3568,blue,false,right,43,48,right,blue,1066,0
97,575317.240000004,1,35,3533,blue,true,right,14,35,right,blue,806,0
98,578645.12500001,1,42,3491,blue,true,left,12,42,left,blue,1814,0
99,582979.1250000126,1,44,3447,blue,true,left,40,44,left,blue,1072,0
100,586571.9500000123,0,0,3447,blue,true,left,88,50,right,orange,1520,0
101,590608.4450000199,0,0,3447,blue,true,right,51,19,left,orange,1012,0
102,594142.3249999934,0,0,3447,blue,true,left,44,59,right,orange,989,0
103,597648.990000016,0,0,3447,blue,true,right,23,9,left,orange,955,0
104,601125.5100000126,0,0,3447,blue,true,left,23,76,right,orange,1262,0
105,604907.0000000065,0,0,3447,blue,true,right,94,47,left,orange,1352,0
106,608775.0900000101,1,67,3380,blue,false,left,67,56,right,orange,1020,0
107,612320.7800000091,1,16,3364,blue,true,left,50,16,left,blue,1403,0
108,616245.0149999931,0,0,3364,blue,true,right,83,7,left,orange,1014,0
109,619773.835,0,0,3364,blue,true,right,86,41,left,orange,1277,0
110,623572.6200000208,0,0,3364,blue,true,right,61,37,left,orange,774,0
111,626863.7049999961,1,82,3282,blue,false,right,82,57,left,orange,1004,0
112,630386.9300000079,1,68,3214,blue,false,left,68,28,right,orange,1000,0
113,633909.1199999966,1,65,3149,blue,false,right,65,76,left,orange,1717,0
114,638149.6400000178,0,0,3149,blue,false,right,25,19,right,blue,805,0
115,641472.5700000126,0,0,3149,blue,false,left,67,68,left,blue,1059,0
116,645051.7099999997,0,0,3149,blue,false,right,82,68,right,blue,967,0
117,648537.565000006,0,0,3149,blue,false,right,88,19,right,blue,689,0
118,651746.7999999935,1,11,3138,blue,true,left,55,11,left,blue,1065,0
119,655335.1250000123,1,36,3102,blue,true,right,74,36,right,blue,1004,0
120,658859.6350000007,0,0,3102,blue,false,left,18,64,left,blue,880,0
121,662261.4049999975,0,0,3102,blue,false,right,15,3,right,blue,910,0
122,665691.8050000095,0,0,3102,blue,false,right,91,76,right,blue,1016,0
123,669229.8149999988,0,0,3102,blue,false,left,66,92,left,blue,997,0
124,672746.7450000113,0,0,3102,blue,false,right,67,14,right,blue,777,0
125,676044.0900000103,1,77,3025,blue,true,left,11,77,left,blue,552,0
126,679116.6399999929,0,0,3025,blue,false,right,36,20,right,blue,902,0
127,682535.9349999926,0,0,3025,blue,false,left,44,61,left,blue,763,0
128,685818.6449999921,0,0,3025,blue,false,right,4,34,right,blue,586,0
129,688923.3450000174,0,0,3025,blue,false,right,86,63,right,blue,694,0
130,692133.1550000177,0,0,3025,blue,false,right,99,43,right,blue,558,0
131,695208.5099999967,1,56,2969,blue,true,right,95,56,right,blue,698,0
132,698428.3799999976,0,0,2969,blue,false,right,89,63,right,blue,991,0
133,701939.9250000133,1,80,2889,blue,true,left,88,80,left,blue,863,0
134,705328.440000012,0,0,2889,blue,false,left,5,10,left,blue,946,0
135,708794.350000011,1,80,2809,blue,true,right,35,80,right,blue,866,0
136,712183.4249999956,0,0,2809,blue,true,right,8,57,left,orange,1052,0
137,715753.1500000041,1,47,2762,blue,true,left,78,47,left,blue,1418,0
138,719694.0300000133,0,0,2762,blue,true,right,5,99,left,orange,870,0
139,723086.0500000126,0,0,2762,blue,true,left,62,67,right,orange,605,0
140,726208.805000002,1,95,2667,blue,false,left,95,27,right,orange,866,0
