Quiz_round,2,RESULT:,-,allCorrect
num_trial,optionsPresented_time,outcome,loss_amount,running_total,anchor_stim,blue_aversive,blue_side,amount_orange,amount_blue,chosen_side,chosen_color,response_time,trial_repeat_count
1,399414.56500000006,1,37,4963,blue,true,right,44,37,right,blue,1068,0
2,402998.9050000004,0,0,4963,blue,true,right,66,12,left,orange,1309,0
3,406823.94500000007,0,0,4963,blue,true,right,98,9,left,orange,679,0
4,410016.51000000036,1,20,4943,blue,false,left,20,91,right,orange,1868,0
5,414404.0950000008,0,0,4943,blue,true,right,28,8,left,orange,1714,0
6,418636.4800000001,0,0,4943,blue,true,right,30,33,left,orange,562,0
7,421714.1950000005,0,0,4943,blue,true,right,27,24,left,orange,558,0
8,424786.4800000007,0,0,4943,blue,false,left,58,43,left,blue,1596,0
9,428897.4900000003,1,47,4896,blue,true,left,72,47,left,blue,485,0
10,431902.3750000006,0,0,4896,blue,false,right,44,44,right,blue,2343,0
11,436759.4950000002,1,26,4870,blue,true,left,69,26,left,blue,1150,0
12,440424.4400000007,1,41,4829,blue,true,left,6,41,left,blue,1150,0
13,444093.2550000007,0,0,4829,blue,true,right,88,34,left,orange,2288,0
14,448898.4600000003,0,0,4829,blue,false,right,73,18,right,blue,769,0
15,452186.7850000008,0,0,4829,blue,true,right,60,25,left,orange,729,0
16,455429.48500000057,0,0,4829,blue,true,left,68,6,right,orange,545,0
17,458485.06500000076,0,0,4829,blue,false,left,48,39,left,blue,1599,0
18,462602.355,0,0,4829,blue,true,left,35,76,right,orange,747,0
19,465862.08500000066,0,0,4829,blue,true,left,23,85,right,orange,472,0
20,468845.32000000036,1,22,4807,blue,true,right,54,22,right,blue,795,0
21,472157.1300000005,0,0,4807,blue,false,left,66,58,left,blue,2014,0
22,476683.8400000006,1,41,4766,blue,true,left,98,41,left,blue,1182,0
23,480382.61000000057,0,0,4766,blue,true,right,58,80,left,orange,2045,0
24,484937.9650000001,0,0,4766,blue,true,left,32,85,right,orange,848,0
25,488301.3650000003,1,83,4683,blue,false,left,83,15,right,orange,467,0
26,491283.7950000003,0,0,4683,blue,true,right,18,16,left,orange,2349,0
27,496149.265,0,0,4683,blue,true,right,56,99,left,orange,656,0
28,499319.16000000003,1,75,4608,blue,true,right,23,75,right,blue,538,0
29,502373.8600000006,0,0,4608,blue,true,right,68,18,left,orange,503,0
30,505398.0100000008,0,0,4608,blue,true,right,30,16,left,orange,435,0
31,508343.31500000006,0,0,4608,blue,true,right,86,37,left,orange,475,0
32,511333.1250000001,1,44,4564,blue,true,right,47,44,right,blue,1517,0
33,515367.5750000002,0,0,4564,blue,true,right,3,91,left,orange,519,0
34,518398.4850000006,1,60,4504,blue,false,left,60,14,right,orange,1063,0
35,521981.4100000003,0,0,4504,blue,true,left,54,84,right,orange,1363,0
36,525863.7950000002,0,0,4504,blue,true,right,34,23,left,orange,901,0
37,529280.8150000001,1,28,4476,blue,true,right,96,28,right,blue,1393,0
38,533193.1450000001,1,83,4393,blue,false,left,83,94,right,orange,838,0
39,536547.0900000001,0,0,4393,blue,true,right,63,86,left,orange,1273,0
40,540334.2849999999,0,0,4393,blue,true,left,99,53,right,orange,477,0
41,543323.7600000002,0,0,4393,blue,true,left,29,91,right,orange,475,0
42,546310.4800000001,0,0,4393,blue,true,left,88,64,right,orange,680,0
43,549501.2550000001,1,70,4323,blue,true,left,84,70,left,blue,1468,0
44,553484.2200000003,1,61,4262,blue,false,left,61,88,right,orange,580,0
45,556580.8000000006,1,43,4219,blue,true,right,61,43,right,blue,428,0
46,559523.3100000005,0,0,4219,blue,true,left,87,54,right,orange,610,0
47,562646.0100000004,1,5,4214,blue,false,right,5,90,left,orange,512,0
48,569679.5750000001,0,0,4214,blue,true,left,71,44,right,orange,2647,0
49,574840.435,0,0,4214,blue,true,right,42,52,left,orange,588,0
50,577939.1599999999,0,0,4214,blue,true,left,39,93,right,orange,533,0
51,580988.0950000007,0,0,4214,blue,true,left,39,24,right,orange,500,0
52,584003.1750000007,1,20,4194,blue,false,left,20,10,right,orange,507,0
53,587027.3100000004,1,85,4109,blue,false,left,85,43,right,orange,620,0
54,590164.675,1,77,4032,blue,false,left,77,7,right,orange,512,0
55,593190.1600000001,1,90,3942,blue,true,right,95,90,right,blue,580,0
56,596285.4550000002,1,7,3935,blue,true,right,56,7,right,blue,912,0
57,599715.0900000005,0,0,3935,blue,true,left,50,69,right,orange,1200,0
58,603430.6650000007,0,0,3935,blue,true,left,4,83,right,orange,2072,0
59,608014.3950000001,0,0,3935,blue,false,right,40,8,right,blue,1352,0
60,611881.1400000004,0,0,3935,blue,true,left,47,86,right,orange,1113,0
61,615506.3550000004,0,0,3935,blue,true,left,15,49,right,orange,1372,0
62,619391.4050000003,0,0,3935,blue,true,left,17,39,right,orange,1851,0
63,623756.9800000001,1,76,3859,blue,false,right,76,97,left,orange,1350,0
64,627624.9350000008,1,14,3845,blue,true,right,73,14,right,blue,1561,0
65,631705.5850000007,1,29,3816,blue,true,left,67,29,left,blue,1678,0
66,635897.8400000005,0,0,3816,blue,true,right,48,39,left,orange,769,0
67,639179.1300000005,0,0,3816,blue,true,left,30,99,right,orange,2300,0
68,643993.5400000004,1,13,3803,blue,false,left,13,20,right,orange,3133,0
69,649640.2350000008,0,0,3803,blue,true,right,66,59,left,orange,2017,0
70,654172.3700000002,0,0,3803,blue,true,right,20,60,left,orange,1282,0
71,657964.5500000006,1,25,3778,blue,true,right,41,25,right,blue,3245,0
72,663728.5150000007,1,76,3702,blue,false,left,76,70,right,orange,751,0
73,666994.0050000005,0,0,3702,blue,false,left,73,18,left,blue,1692,0
74,671199.8200000008,1,41,3661,blue,false,left,41,80,right,orange,1206,0
75,674922.125,1,76,3585,blue,true,right,25,76,right,blue,743,0
76,678178.0050000007,1,34,3551,blue,false,left,34,52,right,orange,1234,0
77,681928.2149999999,1,30,3521,blue,false,left,30,60,right,orange,2326,0
78,686774.48,1,91,3430,blue,false,left,91,36,right,orange,930,0
79,690223.0050000007,0,0,3430,blue,false,right,70,59,right,blue,875,0
80,693612.1000000003,1,47,3383,blue,true,left,64,47,left,blue,788,0
81,696914.495,1,28,3355,blue,false,left,28,44,right,orange,1512,0
82,700943.9600000005,1,2,3353,blue,false,left,2,80,right,orange,894,0
83,704357.8200000002,0,0,3353,blue,false,left,20,39,left,blue,545,0
84,707415.6849999999,0,0,3353,blue,false,left,32,61,left,blue,1767,0
85,711698.6100000003,0,0,3353,blue,false,left,90,61,left,blue,504,0
86,714720.445,1,70,3283,blue,true,left,62,70,left,blue,2437,0
87,719673.7550000007,0,0,3283,blue,false,left,17,33,left,blue,2464,0
88,724655.7650000005,0,0,3283,blue,false,left,74,17,left,blue,1070,0
89,728240.1500000005,1,2,3281,blue,false,left,2,85,right,orange,1558,0
90,732311.7000000002,1,39,3242,blue,false,right,39,76,left,orange,451,0
91,735279.1750000006,0,0,3242,blue,false,right,70,20,right,blue,900,0
92,738695.9000000006,1,69,3173,blue,true,left,24,69,left,blue,1358,0
93,742568.15,1,52,3121,blue,true,right,59,52,right,blue,851,0
94,749941.2850000008,0,0,3121,blue,false,left,15,43,left,blue,1758,0
95,754209.2550000007,1,34,3087,blue,true,left,50,34,left,blue,434,0
96,757159.3950000006,1,43,3044,blue,false,left,43,48,right,orange,2301,0
97,761975.9400000003,0,0,3044,blue,true,left,14,35,right,orange,1312,0
98,765805.6800000004,0,0,3044,blue,true,left,12,42,right,orange,1060,0
99,769382.6800000006,0,0,3044,blue,true,left,40,44,right,orange,1882,0
100,773778.4300000003,1,50,2994,blue,true,left,88,50,left,blue,1227,0
101,777521.1600000003,1,19,2975,blue,true,right,51,19,right,blue,957,0
102,780993.6050000006,0,0,2975,blue,true,right,44,59,left,orange,1240,0
103,784748.9150000002,0,0,2975,blue,true,left,23,9,right,orange,1869,0
104,789132.6600000003,0,0,2975,blue,true,left,23,76,right,orange,625,0
105,792271.1850000005,1,47,2928,blue,true,left,94,47,left,blue,1321,0
106,796109.5350000005,1,67,2861,blue,false,right,67,56,left,orange,1409,0
107,800038.1050000006,0,0,2861,blue,true,right,50,16,left,orange,2124,0
108,804674.3000000006,0,0,2861,blue,true,right,83,7,left,orange,551,0
109,807738.9450000001,0,0,2861,blue,true,left,86,41,right,orange,1794,0
110,812045.3350000007,0,0,2861,blue,true,right,61,37,left,orange,1570,0
111,816127.7250000003,0,0,2861,blue,false,right,82,57,right,blue,2429,0
112,821071.7000000004,0,0,2861,blue,false,left,68,28,left,blue,994,0
113,824579.635,1,65,2796,blue,false,right,65,76,left,orange,994,0
114,828093.6650000003,1,25,2771,blue,false,left,25,19,right,orange,1047,0
115,831654.4900000008,1,67,2704,blue,false,right,67,68,left,orange,1709,0
116,835878.6550000005,0,0,2704,blue,false,right,82,68,right,blue,608,0
117,839000.5550000005,0,0,2704,blue,false,right,88,19,right,blue,792,0
118,842306.0000000005,1,11,2693,blue,true,left,55,11,left,blue,1095,0
119,845918.9900000001,0,0,2693,blue,true,right,74,36,left,orange,1851,0
120,850284.8300000005,1,18,2675,blue,false,right,18,64,left,orange,839,0
121,853641.5000000006,1,15,2660,blue,false,right,15,3,left,orange,1834,0
122,857997.9350000003,1,91,2569,blue,false,left,91,76,right,orange,1232,0
123,861744.8000000004,0,0,2569,blue,false,left,66,92,left,blue,1729,0
124,865989.9850000001,0,0,2569,blue,false,left,67,14,left,blue,488,0
125,868991.6200000007,1,77,2492,blue,true,right,11,77,right,blue,455,0
126,871963.0350000006,0,0,2492,blue,false,right,36,20,right,blue,909,0
127,875385.8850000006,0,0,2492,blue,false,right,44,61,right,blue,700,0
128,878600.2500000005,0,0,2492,blue,false,right,4,34,right,blue,1570,0
129,882679.7650000008,0,0,2492,blue,false,left,86,63,left,blue,1169,0
130,886361.5450000006,1,99,2393,blue,false,right,99,43,left,orange,1898,0
131,890776.5650000002,1,56,2337,blue,true,right,95,56,right,blue,1074,0
132,894366.6900000008,0,0,2337,blue,false,left,89,63,left,blue,2122,0
133,899000.5300000003,1,80,2257,blue,true,right,88,80,right,blue,742,0
134,902259.0600000003,1,5,2252,blue,false,left,5,10,right,orange,1037,0
135,905813.7300000008,1,80,2172,blue,true,right,35,80,right,blue,1091,0
136,909425.2350000006,0,0,2172,blue,true,left,8,57,right,orange,728,0
137,912666.4049999999,0,0,2172,blue,true,left,78,47,right,orange,606,0
138,915786.8550000003,0,0,2172,blue,true,right,5,99,left,orange,562,0
139,918866.8350000007,0,0,2172,blue,true,right,62,67,left,orange,441,0
140,921820.4250000007,0,0,2172,blue,false,right,95,27,right,blue,801,0
