Quiz_round,2,RESULT:,-,allCorrect
num_trial,optionsPresented_time,outcome,loss_amount,running_total,anchor_stim,blue_aversive,blue_side,amount_orange,amount_blue,chosen_side,chosen_color,response_time,trial_repeat_count
1,237184.2600000091,1,10,4990,blue,true,left,23,10,left,blue,1868,0
2,241596.32000001147,0,0,4990,blue,true,right,45,97,left,orange,1649,0
3,245783.13500000513,0,0,4990,blue,true,right,54,62,left,orange,1682,0
4,250013.83499999065,0,0,4990,blue,false,right,99,16,right,blue,1516,0
5,254052.18500000774,1,40,4950,blue,true,left,72,40,left,blue,1087,0
6,257668.004999985,0,0,4950,blue,true,left,98,88,right,orange,1266,0
7,261467.44999999646,0,0,4950,blue,true,right,6,54,left,orange,614,0
8,264609.7299999965,0,0,4950,blue,true,left,64,55,right,orange,777,0
9,267926.86000000685,0,0,4950,blue,false,left,96,45,left,blue,888,0
10,271345.00500001013,1,19,4931,blue,true,right,28,19,right,blue,1148,0
11,275036.28000000026,1,26,4905,blue,true,right,95,26,right,blue,1204,0
12,278778.805000009,1,29,4876,blue,true,left,90,29,left,blue,1017,0
13,282322.07999998354,0,0,4876,blue,true,right,20,53,left,orange,947,0
14,285797.11499999394,1,56,4820,blue,true,left,74,56,left,blue,2019,0
15,290357.52499999944,0,0,4820,blue,true,left,18,42,right,orange,1391,0
16,294291.31999998935,0,0,4820,blue,true,left,11,91,right,orange,942,0
17,297768.7250000017,1,32,4788,blue,false,left,32,31,right,orange,1948,0
18,302270.02500000526,0,0,4788,blue,true,right,36,65,left,orange,1062,0
19,305866.40500000794,1,40,4748,blue,false,right,40,30,left,orange,719,0
20,309135.8349999937,1,26,4722,blue,true,left,29,26,left,blue,1725,0
21,313398.71499998844,1,32,4690,blue,false,left,32,36,right,orange,1452,0
22,317382.36499999766,0,0,4690,blue,true,left,72,81,right,orange,2033,0
23,321947.0100000035,0,0,4690,blue,false,left,95,54,left,blue,1325,0
24,325793.5850000067,1,40,4650,blue,false,left,40,59,right,orange,1100,0
25,329433.00499999896,1,29,4621,blue,false,right,29,24,left,orange,801,0
26,332769.4199999969,0,0,4621,blue,false,right,60,51,right,blue,1306,0
27,336612.999999983,0,0,4621,blue,false,left,83,65,left,blue,1523,0
28,340678.69000000064,0,0,4621,blue,true,left,78,98,right,orange,1013,0
29,344233.97999998997,1,56,4565,blue,false,left,56,51,right,orange,673,0
30,347464.2799999856,1,5,4560,blue,false,left,5,20,right,orange,1018,0
31,351015.26499999454,0,0,4560,blue,false,left,67,2,left,blue,858,0
32,354394.5400000084,0,0,4560,blue,false,right,85,84,right,blue,2077,0
33,359008.7000000058,0,0,4560,blue,true,right,7,49,left,orange,910,0
34,362464.29000000353,1,37,4523,blue,false,left,37,47,right,orange,1072,0
35,366085.01499998965,1,27,4496,blue,false,right,27,91,left,orange,695,0
36,369319.7250000085,1,44,4452,blue,false,right,44,42,left,orange,637,0
37,372507.7900000033,0,0,4452,blue,true,right,31,55,left,orange,991,0
38,376036.46499998285,0,0,4452,blue,false,right,97,70,right,blue,1342,0
39,379900.5999999936,0,0,4452,blue,false,left,14,9,left,blue,801,0
40,383228.6549999844,0,0,4452,blue,true,left,23,51,right,orange,1108,0
41,386867.579999991,1,79,4373,blue,true,right,89,79,right,blue,1182,0
42,390608.84500000975,0,0,4373,blue,true,left,83,86,right,orange,816,0
43,393969.58999999333,0,0,4373,blue,true,right,40,62,left,orange,774,0
44,397265.5049999885,1,23,4350,blue,true,right,36,23,right,blue,727,0
45,400521.82500000345,1,61,4289,blue,true,left,65,61,left,blue,2325,0
46,405370.73500000406,0,0,4289,blue,true,right,74,67,left,orange,1166,0
47,409081.74500000314,0,0,4289,blue,true,left,73,41,right,orange,972,0
48,416609.6799999941,0,0,4289,blue,false,left,96,54,left,blue,1317,0
49,420461.0049999901,1,88,4201,blue,true,right,86,88,right,blue,1143,0
50,424130.39999999455,0,0,4201,blue,true,right,43,66,left,orange,1024,0
51,427684.9299999885,0,0,4201,blue,true,right,72,79,left,orange,1168,0
52,431383.3300000115,1,71,4130,blue,false,left,71,13,right,orange,1286,0
53,435204.99500000733,1,53,4077,blue,true,left,78,53,left,blue,1749,0
54,439494.789999997,0,0,4077,blue,true,right,57,90,left,orange,902,0
55,442926.4649999968,1,3,4074,blue,false,right,3,12,left,orange,501,0
56,445967.1349999844,0,0,4074,blue,true,right,2,64,left,orange,563,0
57,449062.27500000386,1,9,4065,blue,true,left,99,9,left,blue,549,0
58,452157.8450000088,0,0,4065,blue,true,left,21,42,right,orange,1327,0
59,456021.0950000037,1,72,3993,blue,true,left,83,72,left,blue,1056,0
60,459620.3899999964,0,0,3993,blue,true,left,37,11,right,orange,724,0
61,462868.9200000081,1,67,3926,blue,false,right,67,81,left,orange,1089,0
62,466518.1100000045,0,0,3926,blue,true,right,12,14,left,orange,627,0
63,469673.9599999855,1,78,3848,blue,false,left,78,90,right,orange,1101,0
64,473303.9550000103,1,46,3802,blue,false,right,46,53,left,orange,627,0
65,476467.84999998636,1,30,3772,blue,false,right,30,42,left,orange,989,0
66,480018.74999998836,1,36,3736,blue,false,left,36,65,right,orange,809,0
67,483365.135,0,0,3736,blue,false,left,49,49,left,blue,999,0
68,486892.0349999971,0,0,3736,blue,false,right,44,10,right,blue,1106,0
69,490538.29500000575,0,0,3736,blue,false,left,70,64,left,blue,770,0
70,493828.11500001117,1,68,3668,blue,false,left,68,95,right,orange,1210,0
71,497578.5249999899,1,38,3630,blue,false,right,38,46,left,orange,1409,0
72,501517.0799999905,0,0,3630,blue,false,right,18,24,right,blue,972,0
73,505026.4850000094,0,0,3630,blue,false,right,82,78,right,blue,1732,0
74,509290.4249999847,1,59,3571,blue,false,left,59,54,right,orange,1921,0
75,513752.5500000047,0,0,3571,blue,false,right,36,33,right,blue,979,0
76,517258.78000000375,1,56,3515,blue,true,left,49,56,left,blue,732,0
77,520538.4900000063,1,26,3489,blue,false,left,26,83,right,orange,988,0
78,524061.0250000027,1,38,3451,blue,false,right,38,81,left,orange,1528,0
79,528124.2600000114,0,0,3451,blue,false,left,12,3,left,blue,734,0
80,531387.4249999935,0,0,3451,blue,false,left,62,38,left,blue,1487,0
81,535409.3200000061,1,43,3408,blue,false,right,43,50,left,orange,1300,0
82,539257.3050000065,0,0,3408,blue,false,left,50,47,left,blue,839,0
83,542623.5549999983,0,0,3408,blue,true,right,41,35,left,orange,1982,0
84,547154.9200000009,1,9,3399,blue,false,left,9,62,right,orange,658,0
85,550334.514999995,1,60,3339,blue,false,left,60,58,right,orange,1357,0
86,554227.4800000014,0,0,3339,blue,false,left,88,31,left,blue,1132,0
87,557889.8500000068,0,0,3339,blue,false,left,56,44,left,blue,998,0
88,561414.4349999842,1,15,3324,blue,true,right,31,15,right,blue,1111,0
89,565051.5799999994,0,0,3324,blue,false,right,90,31,right,blue,884,0
90,568472.1950000094,0,0,3324,blue,false,left,80,76,left,blue,1753,0
91,572752.5099999912,0,0,3324,blue,false,right,78,4,right,blue,553,0
92,575831.9799999881,0,0,3324,blue,false,left,60,28,left,blue,752,0
93,579129.9249999865,0,0,3324,blue,true,right,56,99,left,orange,1009,0
94,586665.8600000083,1,31,3293,blue,false,right,31,45,left,orange,978,0
95,590178.8649999944,0,0,3293,blue,false,left,55,16,left,blue,520,0
96,593227.905000007,1,89,3204,blue,true,left,12,89,left,blue,624,0
97,596388.0350000109,0,0,3204,blue,false,right,49,4,right,blue,612,0
98,599523.2899999828,0,0,3204,blue,false,right,69,12,right,blue,680,0
99,602728.7150000047,1,26,3178,blue,true,left,49,26,left,blue,934,0
100,606201.9699999946,0,0,3178,blue,false,right,75,76,right,blue,1862,0
101,610609.850000008,1,22,3156,blue,false,right,22,90,left,orange,1028,0
102,614181.4399999857,1,23,3133,blue,true,right,26,23,right,blue,1016,0
103,617740.7999999996,1,11,3122,blue,false,left,11,68,right,orange,770,0
104,621054.1500000108,1,82,3040,blue,true,right,71,82,right,blue,1101,0
105,624687.1650000103,1,86,2954,blue,false,right,86,95,left,orange,1544,0
106,628773.0300000112,1,79,2875,blue,false,right,79,88,left,orange,1144,0
107,632453.4850000055,0,0,2875,blue,false,left,75,40,left,blue,1468,0
108,636449.9399999913,0,0,2875,blue,false,right,11,94,right,blue,987,0
109,639961.73000001,1,44,2831,blue,true,right,53,44,right,blue,954,0
110,643448.9999999932,0,0,2831,blue,false,right,85,17,right,blue,913,0
111,646897.7549999836,1,32,2799,blue,true,right,85,32,right,blue,875,0
112,650291.1500000046,1,38,2761,blue,false,right,38,68,left,orange,1333,0
113,654165.7750000013,1,28,2733,blue,false,left,28,93,right,orange,1286,0
114,657987.839999987,1,13,2720,blue,false,right,13,95,left,orange,550,0
115,661063.8800000015,0,0,2720,blue,false,left,69,60,left,blue,1558,0
116,665181.3149999944,0,0,2720,blue,true,right,56,95,left,orange,2289,0
117,670000.9849999915,1,2,2718,blue,false,left,2,41,right,orange,995,0
118,673528.4600000014,0,0,2718,blue,false,right,42,5,right,blue,659,0
119,676728.5700000066,0,0,2718,blue,false,left,44,30,left,blue,1043,0
120,680303.9350000035,0,0,2718,blue,false,left,79,4,left,blue,722,0
121,683560.7249999885,1,83,2635,blue,false,right,83,87,left,orange,1429,0
122,687536.4300000074,0,0,2635,blue,false,right,59,44,right,blue,786,0
123,690860.6950000103,1,10,2625,blue,true,left,15,10,left,blue,1128,0
124,694525.4999999888,0,0,2625,blue,false,right,60,15,right,blue,900,0
125,697974.3549999839,0,0,2625,blue,false,left,73,25,left,blue,1052,0
126,701557.6099999889,0,0,2625,blue,false,left,43,23,left,blue,887,0
127,704965.9199999878,1,22,2603,blue,false,left,22,87,right,orange,719,0
128,708227.0399999979,0,0,2603,blue,true,left,27,77,right,orange,744,0
129,711503.624999983,0,0,2603,blue,false,left,99,35,left,blue,1135,0
130,715167.294999992,1,39,2564,blue,true,left,49,39,left,blue,1081,0
131,718789.2599999905,0,0,2564,blue,false,left,83,60,left,blue,1265,0
132,722582.6349999988,1,54,2510,blue,true,left,61,54,left,blue,1309,0
133,726432.6799999981,0,0,2510,blue,false,left,82,34,left,blue,1385,0
134,730358.3799999906,0,0,2510,blue,false,right,96,86,right,blue,1001,0
135,733888.9900000067,0,0,2510,blue,false,left,65,27,left,blue,1124,0
136,737542.924999987,1,63,2447,blue,false,right,63,93,left,orange,1259,0
137,741342.0650000044,0,0,2447,blue,false,left,65,40,left,blue,881,0
138,744758.2800000091,1,7,2440,blue,false,right,7,69,left,orange,632,0
139,747925.4950000031,1,28,2412,blue,true,left,94,28,left,blue,993,0
140,751450.1699999964,0,0,2412,blue,false,right,90,4,right,blue,754,0
