Quiz_round,2,RESULT:,-,allCorrect
num_trial,optionsPresented_time,outcome,loss_amount,running_total,anchor_stim,blue_aversive,blue_side,amount_orange,amount_blue,chosen_side,chosen_color,response_time,trial_repeat_count
1,166324.61500000002,0,0,5000,blue,true,right,44,37,left,orange,3705,0
2,172560.375,1,12,4988,blue,true,left,66,12,left,blue,795,0
3,175896.51499999998,0,0,4988,blue,true,left,98,9,right,orange,942,0
4,179365.85499999998,0,0,4988,blue,false,left,20,91,left,blue,1182,0
5,183080.685,0,0,4988,blue,true,right,28,8,left,orange,884,0
6,186501.835,1,33,4955,blue,true,right,30,33,right,blue,1252,0
7,190297.11000000002,1,24,4931,blue,true,right,27,24,right,blue,382,0
8,193226.03999999998,0,0,4931,blue,false,right,58,43,right,blue,261,0
9,196023.32500000004,1,47,4884,blue,true,left,72,47,left,blue,292,0
10,198856.88999999998,0,0,4884,blue,false,right,44,44,right,blue,761,0
11,202151.98,0,0,4884,blue,true,left,69,26,right,orange,1006,0
12,205689.02,0,0,4884,blue,true,right,6,41,left,orange,385,0
13,208603.28999999998,1,34,4850,blue,true,right,88,34,right,blue,884,0
14,212026.36500000002,1,73,4777,blue,false,left,73,18,right,orange,713,0
15,215279.755,1,25,4752,blue,true,left,60,25,left,blue,444,0
16,218254.85499999998,0,0,4752,blue,true,right,68,6,left,orange,786,0
17,227101.74,1,48,4704,blue,false,right,48,39,left,orange,1652,1
18,231287.21500000003,1,76,4628,blue,true,right,35,76,right,blue,2663,0
19,236482.55500000002,1,85,4543,blue,true,right,23,85,right,blue,823,0
20,239835.77,1,22,4521,blue,true,left,54,22,left,blue,282,0
21,242658.57000000004,1,66,4455,blue,false,left,66,58,right,orange,1376,0
22,246577.11500000002,1,41,4414,blue,true,right,98,41,right,blue,378,0
23,249496.06000000003,1,80,4334,blue,true,right,58,80,right,blue,663,0
24,252697.20500000002,0,0,4334,blue,true,left,32,85,right,orange,749,0
25,255974.40500000003,0,0,4334,blue,false,left,83,15,left,blue,910,0
26,259411.73000000004,1,16,4318,blue,true,left,18,16,left,blue,784,0
27,262730.915,0,0,4318,blue,true,left,56,99,right,orange,427,0
28,265689.82500000007,1,75,4243,blue,true,right,23,75,right,blue,672,0
29,268896.44999999995,0,0,4243,blue,true,left,68,18,right,orange,1255,0
30,272681.775,0,0,4243,blue,true,right,30,16,left,orange,2121,0
31,277336.85500000004,0,0,4243,blue,true,right,86,37,left,orange,887,0
32,280755.74500000005,0,0,4243,blue,true,left,47,44,right,orange,1284,0
33,284571.6,1,91,4152,blue,true,left,3,91,left,blue,703,0
34,287813.1500000001,1,60,4092,blue,false,left,60,14,right,orange,1344,0
35,291700.75,0,0,4092,blue,true,right,54,84,left,orange,1187,0
36,295415.525,0,0,4092,blue,true,right,34,23,left,orange,1065,0
37,299014.315,0,0,4092,blue,true,left,96,28,right,orange,1283,0
38,302830.74,1,83,4009,blue,false,right,83,94,left,orange,746,0
39,306114.49000000005,1,86,3923,blue,true,left,63,86,left,blue,1436,0
40,310084.48,1,53,3870,blue,true,left,99,53,left,blue,593,0
41,313210.01,1,91,3779,blue,true,left,29,91,left,blue,802,0
42,316549.945,1,64,3715,blue,true,right,88,64,right,blue,831,0
43,319911.41500000004,1,70,3645,blue,true,left,84,70,left,blue,550,0
44,322995.5550000001,1,61,3584,blue,false,right,61,88,left,orange,261,0
45,325788.57000000007,0,0,3584,blue,true,right,61,43,left,orange,729,0
46,329049.37000000005,0,0,3584,blue,true,right,87,54,left,orange,672,0
47,332242.3100000001,0,0,3584,blue,false,left,5,90,left,blue,562,0
48,339335.98000000004,0,0,3584,blue,true,left,71,44,right,orange,1415,0
49,343280.9000000001,1,52,3532,blue,true,left,42,52,left,blue,1038,0
50,346848.36500000005,1,93,3439,blue,true,left,39,93,left,blue,844,0
51,350229.09,0,0,3439,blue,true,right,39,24,left,orange,1558,0
52,354322.2050000001,1,20,3419,blue,false,left,20,10,right,orange,975,0
53,357829.73500000004,1,85,3334,blue,false,left,85,43,right,orange,1170,0
54,361531.49500000005,1,77,3257,blue,false,right,77,7,left,orange,2984,0
55,367053.48000000004,0,0,3257,blue,true,right,95,90,left,orange,888,0
56,370466.53,0,0,3257,blue,true,left,56,7,right,orange,1626,0
57,374623.33,1,69,3188,blue,true,left,50,69,left,blue,3549,0
58,380714.325,1,83,3105,blue,true,left,4,83,left,blue,274,0
59,383517.5250000001,1,40,3065,blue,false,left,40,8,right,orange,705,0
60,386761.23500000004,0,0,3065,blue,true,right,47,86,left,orange,796,0
61,390090.275,0,0,3065,blue,true,right,15,49,left,orange,1064,0
62,393680.9350000001,1,39,3026,blue,true,right,17,39,right,blue,626,0
63,396844.45000000007,1,76,2950,blue,false,left,76,97,right,orange,840,0
64,400216.9100000001,0,0,2950,blue,true,left,73,14,right,orange,719,0
65,403468.7,0,0,2950,blue,true,left,67,29,right,orange,1519,0
66,407512.5250000001,1,39,2911,blue,true,left,48,39,left,blue,670,0
67,410718.39,1,99,2812,blue,true,left,30,99,left,blue,906,0
68,414156.11,1,13,2799,blue,false,right,13,20,left,orange,1549,0
69,418233.955,0,0,2799,blue,true,left,66,59,right,orange,834,0
70,421586.3300000001,1,60,2739,blue,true,right,20,60,right,blue,3369,0
71,427485.455,1,25,2714,blue,true,left,41,25,left,blue,877,0
72,430888.9650000001,1,76,2638,blue,false,right,76,70,left,orange,1327,0
73,434737.7100000001,0,0,2638,blue,false,left,73,18,left,blue,996,0
74,438250.56500000006,1,41,2597,blue,false,left,41,80,right,orange,2007,0
75,442783.2850000001,1,76,2521,blue,true,left,25,76,left,blue,385,0
76,445689.12,0,0,2521,blue,false,right,34,52,right,blue,343,0
77,448555.38,1,30,2491,blue,false,left,30,60,right,orange,902,0
78,451993.8400000001,0,0,2491,blue,false,left,91,36,left,blue,703,0
79,455225.865,0,0,2491,blue,false,right,70,59,right,blue,1022,0
80,458781.2,1,47,2444,blue,true,left,64,47,left,blue,652,0
81,461967.7,1,28,2416,blue,false,left,28,44,right,orange,1502,0
82,466002.91500000004,0,0,2416,blue,false,right,2,80,right,blue,840,0
83,469375.34,1,20,2396,blue,false,left,20,39,right,orange,916,0
84,472823.83,1,32,2364,blue,false,left,32,61,right,orange,454,0
85,475812.1600000001,0,0,2364,blue,false,left,90,61,left,blue,888,0
86,479230.905,1,70,2294,blue,true,left,62,70,left,blue,927,0
87,482693.50000000006,0,0,2294,blue,false,right,17,33,right,blue,933,0
88,486153.8200000001,1,74,2220,blue,false,right,74,17,left,orange,1670,0
89,490358.375,0,0,2220,blue,false,left,2,85,left,blue,875,0
90,493763.4750000001,1,39,2181,blue,false,right,39,76,left,orange,2908,0
91,499203.8050000001,0,0,2181,blue,false,right,70,20,right,blue,405,0
92,502139.47500000003,0,0,2181,blue,true,left,24,69,right,orange,833,0
93,505502.2100000001,1,52,2129,blue,true,left,59,52,left,blue,132,0
94,512173.8300000001,0,0,2129,blue,false,right,15,43,right,blue,1297,0
95,515986.2300000001,0,0,2129,blue,true,left,50,34,right,orange,633,0
96,519133.905,1,43,2086,blue,false,left,43,48,right,orange,1244,0
97,522895.56000000006,0,0,2086,blue,true,right,14,35,left,orange,1027,0
98,526443.2200000001,1,42,2044,blue,true,right,12,42,right,blue,722,0
99,529706.5750000001,1,44,2000,blue,true,right,40,44,right,blue,536,0
100,532780.29,1,50,1950,blue,true,left,88,50,left,blue,491,0
101,535803.22,0,0,1950,blue,true,right,51,19,left,orange,378,0
102,538712.5400000002,1,59,1891,blue,true,right,44,59,right,blue,1129,0
103,542373.8,1,9,1882,blue,true,left,23,9,left,blue,325,0
104,545235.3250000001,0,0,1882,blue,true,right,23,76,left,orange,466,0
105,548239.1,0,0,1882,blue,true,right,94,47,left,orange,54,0
106,550824.1300000001,0,0,1882,blue,false,right,67,56,right,blue,287,0
107,553643.53,0,0,1882,blue,true,right,50,16,left,orange,257,0
108,556434.4550000001,1,7,1875,blue,true,right,83,7,right,blue,329,0
109,559296.06,0,0,1875,blue,true,left,86,41,right,orange,268,0
110,562094.9200000002,0,0,1875,blue,true,right,61,37,left,orange,259,0
111,564884.92,1,82,1793,blue,false,left,82,57,right,orange,405,0
112,567822.9100000001,1,68,1725,blue,false,right,68,28,left,orange,287,0
113,570645.7700000001,0,0,1725,blue,false,left,65,76,left,blue,119,0
114,573294.7150000001,1,25,1700,blue,false,left,25,19,right,orange,431,0
115,576261.3650000001,0,0,1700,blue,false,right,67,68,right,blue,393,0
116,579181.0700000001,1,82,1618,blue,false,right,82,68,left,orange,455,0
117,582164.55,1,88,1530,blue,false,left,88,19,right,orange,507,0
118,585211.9950000001,1,11,1519,blue,true,right,55,11,right,blue,310,0
119,588063.39,0,0,1519,blue,true,left,74,36,right,orange,229,0
120,590820.7850000001,1,18,1501,blue,false,left,18,64,right,orange,635,0
121,593991.0900000001,0,0,1501,blue,false,left,15,3,left,blue,327,0
122,596845.8200000001,0,0,1501,blue,false,left,91,76,left,blue,269,0
123,599641.1700000002,0,0,1501,blue,false,left,66,92,left,blue,412,0
124,602590.3250000001,0,0,1501,blue,false,right,67,14,right,blue,238,0
125,605359.895,0,0,1501,blue,true,left,11,77,right,orange,226,0
126,608118.8250000001,0,0,1501,blue,false,left,36,20,left,blue,74,0
127,610719.505,0,0,1501,blue,false,left,44,61,left,blue,179,0
128,613429.0400000002,0,0,1501,blue,false,right,4,34,right,blue,294,0
129,616258.2250000001,0,0,1501,blue,false,right,86,63,right,blue,451,0
130,619240.42,0,0,1501,blue,false,left,99,43,left,blue,286,0
131,622055.83,0,0,1501,blue,true,right,95,56,left,orange,344,0
132,624932.495,0,0,1501,blue,false,right,89,63,right,blue,56,0
133,627522.7250000001,0,0,1501,blue,true,left,88,80,right,orange,226,0
134,630275.3150000001,0,0,1501,blue,false,left,5,10,left,blue,275,0
135,633087.215,0,0,1501,blue,true,right,35,80,left,orange,282,0
136,635897.9750000001,1,57,1444,blue,true,right,8,57,right,blue,112,0
137,638545.9400000001,0,0,1444,blue,true,left,78,47,right,orange,370,0
138,641448.2050000001,1,99,1345,blue,true,left,5,99,left,blue,164,0
139,644148.405,0,0,1345,blue,true,left,62,67,right,orange,312,0
140,646991.42,1,95,1250,blue,false,right,95,27,left,orange,369,0
